task_order, method, cmd, train_session, task_index, no_of_test, no_of_correct_prediction, accuracy, solver_training_time, generator_training_time
0,offline,3,None,1,250,235,0.94,None,None
0,offline,3,None,2,100,89,0.89,None,None
0,offline,3,None,3,200,183,0.915,None,None
0,offline,3,None,4,250,165,0.66,None,None
0,offline,3,None,5,300,270,0.9,None,None
0,mp-gan,3,1,1,250,249,0.996,2.0111091136932373,124.93059611320496
0,mp-gan,3,2,1,250,242,0.968,4.131422281265259,125.35766386985779
0,mp-gan,3,2,2,100,97,0.97,4.131422281265259,125.35766386985779
0,mp-gan,3,3,1,250,227,0.908,4.130009174346924,124.94293785095215
0,mp-gan,3,3,2,100,87,0.87,4.130009174346924,124.94293785095215
0,mp-gan,3,3,3,200,198,0.99,4.130009174346924,124.94293785095215
0,mp-gan,3,4,1,250,223,0.892,4.109067678451538,125.92706561088562
0,mp-gan,3,4,2,100,88,0.88,4.109067678451538,125.92706561088562
0,mp-gan,3,4,3,200,190,0.95,4.109067678451538,125.92706561088562
0,mp-gan,3,4,4,250,205,0.82,4.109067678451538,125.92706561088562
0,mp-gan,3,5,1,250,218,0.872,4.191229820251465,125.58465456962585
0,mp-gan,3,5,2,100,93,0.93,4.191229820251465,125.58465456962585
0,mp-gan,3,5,3,200,184,0.92,4.191229820251465,125.58465456962585
0,mp-gan,3,5,4,250,193,0.772,4.191229820251465,125.58465456962585
0,mp-gan,3,5,5,300,259,0.8633333333333333,4.191229820251465,125.58465456962585
0,mp-wgan,3,1,1,250,249,0.996,1.9961199760437012,228.55430507659912
0,mp-wgan,3,2,1,250,69,0.276,4.145463466644287,228.4129717350006
0,mp-wgan,3,2,2,100,95,0.95,4.145463466644287,228.4129717350006
0,mp-wgan,3,3,1,250,0,0.0,4.1562559604644775,249.21325135231018
0,mp-wgan,3,3,2,100,65,0.65,4.1562559604644775,249.21325135231018
0,mp-wgan,3,3,3,200,195,0.975,4.1562559604644775,249.21325135231018
0,mp-wgan,3,4,1,250,0,0.0,4.102837085723877,276.49725103378296
0,mp-wgan,3,4,2,100,74,0.74,4.102837085723877,276.49725103378296
0,mp-wgan,3,4,3,200,176,0.88,4.102837085723877,276.49725103378296
0,mp-wgan,3,4,4,250,212,0.848,4.102837085723877,276.49725103378296
0,mp-wgan,3,5,1,250,0,0.0,4.162512540817261,247.57284140586853
0,mp-wgan,3,5,2,100,68,0.68,4.162512540817261,247.57284140586853
0,mp-wgan,3,5,3,200,121,0.605,4.162512540817261,247.57284140586853
0,mp-wgan,3,5,4,250,56,0.224,4.162512540817261,247.57284140586853
0,mp-wgan,3,5,5,300,274,0.9133333333333333,4.162512540817261,247.57284140586853
1,offline,3,None,1,350,312,0.8914285714285715,None,None
1,offline,3,None,2,200,111,0.555,None,None
1,offline,3,None,3,150,139,0.9266666666666666,None,None
1,offline,3,None,4,200,192,0.96,None,None
1,offline,3,None,5,300,271,0.9033333333333333,None,None
1,mp-gan,3,1,1,350,349,0.9971428571428571,1.9850502014160156,126.0830750465393
1,mp-gan,3,2,1,350,254,0.7257142857142858,4.061494588851929,125.11136865615845
1,mp-gan,3,2,2,200,200,1.0,4.061494588851929,125.11136865615845
1,mp-gan,3,3,1,350,251,0.7171428571428572,4.08900260925293,126.48749256134033
1,mp-gan,3,3,2,200,188,0.94,4.08900260925293,126.48749256134033
1,mp-gan,3,3,3,150,140,0.9333333333333333,4.08900260925293,126.48749256134033
1,mp-gan,3,4,1,350,227,0.6485714285714286,4.078654766082764,125.06833624839783
1,mp-gan,3,4,2,200,162,0.81,4.078654766082764,125.06833624839783
1,mp-gan,3,4,3,150,138,0.92,4.078654766082764,125.06833624839783
1,mp-gan,3,4,4,200,185,0.925,4.078654766082764,125.06833624839783
1,mp-gan,3,5,1,350,208,0.5942857142857143,4.11758017539978,126.00035905838013
1,mp-gan,3,5,2,200,126,0.63,4.11758017539978,126.00035905838013
1,mp-gan,3,5,3,150,135,0.9,4.11758017539978,126.00035905838013
1,mp-gan,3,5,4,200,178,0.89,4.11758017539978,126.00035905838013
1,mp-gan,3,5,5,300,199,0.6633333333333333,4.11758017539978,126.00035905838013
1,mp-wgan,3,1,1,350,349,0.9971428571428571,1.9993348121643066,269.6490116119385
1,mp-wgan,3,2,1,350,19,0.054285714285714284,4.183425664901733,227.41080737113953
1,mp-wgan,3,2,2,200,200,1.0,4.183425664901733,227.41080737113953
1,mp-wgan,3,3,1,350,126,0.36,4.101352691650391,300.4422609806061
1,mp-wgan,3,3,2,200,94,0.47,4.101352691650391,300.4422609806061
1,mp-wgan,3,3,3,150,138,0.92,4.101352691650391,300.4422609806061
1,mp-wgan,3,4,1,350,19,0.054285714285714284,4.080648183822632,232.12716579437256
1,mp-wgan,3,4,2,200,96,0.48,4.080648183822632,232.12716579437256
1,mp-wgan,3,4,3,150,114,0.76,4.080648183822632,232.12716579437256
1,mp-wgan,3,4,4,200,194,0.97,4.080648183822632,232.12716579437256
1,mp-wgan,3,5,1,350,11,0.03142857142857143,4.199695587158203,228.9986355304718
1,mp-wgan,3,5,2,200,79,0.395,4.199695587158203,228.9986355304718
1,mp-wgan,3,5,3,150,100,0.6666666666666666,4.199695587158203,228.9986355304718
1,mp-wgan,3,5,4,200,91,0.455,4.199695587158203,228.9986355304718
1,mp-wgan,3,5,5,300,293,0.9766666666666667,4.199695587158203,228.9986355304718
2,offline,3,None,1,200,189,0.945,None,None
2,offline,3,None,2,200,192,0.96,None,None
2,offline,3,None,3,200,112,0.56,None,None
2,offline,3,None,4,300,251,0.8366666666666667,None,None
2,offline,3,None,5,300,285,0.95,None,None
2,mp-gan,3,1,1,200,195,0.975,1.9971094131469727,125.45237183570862
2,mp-gan,3,2,1,200,193,0.965,4.081693410873413,125.8234474658966
2,mp-gan,3,2,2,200,196,0.98,4.081693410873413,125.8234474658966
2,mp-gan,3,3,1,200,160,0.8,4.149703741073608,126.46328783035278
2,mp-gan,3,3,2,200,192,0.96,4.149703741073608,126.46328783035278
2,mp-gan,3,3,3,200,197,0.985,4.149703741073608,126.46328783035278
2,mp-gan,3,4,1,200,159,0.795,4.169602870941162,125.47871971130371
2,mp-gan,3,4,2,200,177,0.885,4.169602870941162,125.47871971130371
2,mp-gan,3,4,3,200,156,0.78,4.169602870941162,125.47871971130371
2,mp-gan,3,4,4,300,278,0.9266666666666666,4.169602870941162,125.47871971130371
2,mp-gan,3,5,1,200,158,0.79,4.169186115264893,126.64881777763367
2,mp-gan,3,5,2,200,169,0.845,4.169186115264893,126.64881777763367
2,mp-gan,3,5,3,200,111,0.555,4.169186115264893,126.64881777763367
2,mp-gan,3,5,4,300,215,0.7166666666666667,4.169186115264893,126.64881777763367
2,mp-gan,3,5,5,300,242,0.8066666666666666,4.169186115264893,126.64881777763367
2,mp-wgan,3,1,1,200,195,0.975,2.003093957901001,227.51013827323914
2,mp-wgan,3,2,1,200,180,0.9,4.149947881698608,230.61620926856995
2,mp-wgan,3,2,2,200,195,0.975,4.149947881698608,230.61620926856995
2,mp-wgan,3,3,1,200,140,0.7,4.101320028305054,236.133962392807
2,mp-wgan,3,3,2,200,103,0.515,4.101320028305054,236.133962392807
2,mp-wgan,3,3,3,200,195,0.975,4.101320028305054,236.133962392807
2,mp-wgan,3,4,1,200,143,0.715,4.158785581588745,231.62629294395447
2,mp-wgan,3,4,2,200,59,0.295,4.158785581588745,231.62629294395447
2,mp-wgan,3,4,3,200,100,0.5,4.158785581588745,231.62629294395447
2,mp-wgan,3,4,4,300,275,0.9166666666666666,4.158785581588745,231.62629294395447
2,mp-wgan,3,5,1,200,148,0.74,4.139440536499023,236.3767614364624
2,mp-wgan,3,5,2,200,58,0.29,4.139440536499023,236.3767614364624
2,mp-wgan,3,5,3,200,84,0.42,4.139440536499023,236.3767614364624
2,mp-wgan,3,5,4,300,172,0.5733333333333334,4.139440536499023,236.3767614364624
2,mp-wgan,3,5,5,300,295,0.9833333333333333,4.139440536499023,236.3767614364624
3,offline,3,None,1,200,193,0.965,None,None
3,offline,3,None,2,150,140,0.9333333333333333,None,None
3,offline,3,None,3,300,238,0.7933333333333333,None,None
3,offline,3,None,4,200,170,0.85,None,None
3,offline,3,None,5,300,272,0.9066666666666666,None,None
3,mp-gan,3,1,1,200,195,0.975,1.9563944339752197,125.02713131904602
3,mp-gan,3,2,1,200,175,0.875,4.069938659667969,126.20509552955627
3,mp-gan,3,2,2,150,148,0.9866666666666667,4.069938659667969,126.20509552955627
3,mp-gan,3,3,1,200,159,0.795,4.17413854598999,125.72687315940857
3,mp-gan,3,3,2,150,143,0.9533333333333334,4.17413854598999,125.72687315940857
3,mp-gan,3,3,3,300,285,0.95,4.17413854598999,125.72687315940857
3,mp-gan,3,4,1,200,148,0.74,4.125571012496948,126.06073451042175
3,mp-gan,3,4,2,150,141,0.94,4.125571012496948,126.06073451042175
3,mp-gan,3,4,3,300,285,0.95,4.125571012496948,126.06073451042175
3,mp-gan,3,4,4,200,116,0.58,4.125571012496948,126.06073451042175
3,mp-gan,3,5,1,200,133,0.665,4.097733497619629,125.64235424995422
3,mp-gan,3,5,2,150,142,0.9466666666666667,4.097733497619629,125.64235424995422
3,mp-gan,3,5,3,300,201,0.67,4.097733497619629,125.64235424995422
3,mp-gan,3,5,4,200,32,0.16,4.097733497619629,125.64235424995422
3,mp-gan,3,5,5,300,278,0.9266666666666666,4.097733497619629,125.64235424995422
3,mp-wgan,3,1,1,200,195,0.975,1.987243413925171,229.06818890571594
3,mp-wgan,3,2,1,200,53,0.265,4.165453195571899,231.2097613811493
3,mp-wgan,3,2,2,150,147,0.98,4.165453195571899,231.2097613811493
3,mp-wgan,3,3,1,200,71,0.355,4.185446262359619,265.15252470970154
3,mp-wgan,3,3,2,150,91,0.6066666666666667,4.185446262359619,265.15252470970154
3,mp-wgan,3,3,3,300,292,0.9733333333333334,4.185446262359619,265.15252470970154
3,mp-wgan,3,4,1,200,67,0.335,4.099777698516846,241.26050853729248
3,mp-wgan,3,4,2,150,89,0.5933333333333334,4.099777698516846,241.26050853729248
3,mp-wgan,3,4,3,300,23,0.07666666666666666,4.099777698516846,241.26050853729248
3,mp-wgan,3,4,4,200,181,0.905,4.099777698516846,241.26050853729248
3,mp-wgan,3,5,1,200,36,0.18,4.108304738998413,229.8276400566101
3,mp-wgan,3,5,2,150,85,0.5666666666666667,4.108304738998413,229.8276400566101
3,mp-wgan,3,5,3,300,3,0.01,4.108304738998413,229.8276400566101
3,mp-wgan,3,5,4,200,52,0.26,4.108304738998413,229.8276400566101
3,mp-wgan,3,5,5,300,299,0.9966666666666667,4.108304738998413,229.8276400566101
4,offline,3,None,1,200,182,0.91,None,None
4,offline,3,None,2,300,221,0.7366666666666667,None,None
4,offline,3,None,3,250,222,0.888,None,None
4,offline,3,None,4,150,130,0.8666666666666667,None,None
4,offline,3,None,5,300,270,0.9,None,None
4,mp-gan,3,1,1,200,199,0.995,2.0100841522216797,125.11963844299316
4,mp-gan,3,2,1,200,149,0.745,4.071174144744873,126.33280515670776
4,mp-gan,3,2,2,300,294,0.98,4.071174144744873,126.33280515670776
4,mp-gan,3,3,1,200,107,0.535,4.104913949966431,124.75377011299133
4,mp-gan,3,3,2,300,272,0.9066666666666666,4.104913949966431,124.75377011299133
4,mp-gan,3,3,3,250,239,0.956,4.104913949966431,124.75377011299133
4,mp-gan,3,4,1,200,144,0.72,4.095499753952026,125.18141651153564
4,mp-gan,3,4,2,300,269,0.8966666666666666,4.095499753952026,125.18141651153564
4,mp-gan,3,4,3,250,238,0.952,4.095499753952026,125.18141651153564
4,mp-gan,3,4,4,150,134,0.8933333333333333,4.095499753952026,125.18141651153564
4,mp-gan,3,5,1,200,88,0.44,4.16627049446106,125.8034520149231
4,mp-gan,3,5,2,300,272,0.9066666666666666,4.16627049446106,125.8034520149231
4,mp-gan,3,5,3,250,237,0.948,4.16627049446106,125.8034520149231
4,mp-gan,3,5,4,150,125,0.8333333333333334,4.16627049446106,125.8034520149231
4,mp-gan,3,5,5,300,190,0.6333333333333333,4.16627049446106,125.8034520149231
4,mp-wgan,3,1,1,200,198,0.99,1.9736952781677246,244.24372339248657
4,mp-wgan,3,2,1,200,68,0.34,4.089881896972656,228.90546417236328
4,mp-wgan,3,2,2,300,292,0.9733333333333334,4.089881896972656,228.90546417236328
4,mp-wgan,3,3,1,200,5,0.025,4.166296482086182,234.60502290725708
4,mp-wgan,3,3,2,300,186,0.62,4.166296482086182,234.60502290725708
4,mp-wgan,3,3,3,250,243,0.972,4.166296482086182,234.60502290725708
4,mp-wgan,3,4,1,200,0,0.0,4.058567762374878,227.16419982910156
4,mp-wgan,3,4,2,300,153,0.51,4.058567762374878,227.16419982910156
4,mp-wgan,3,4,3,250,233,0.932,4.058567762374878,227.16419982910156
4,mp-wgan,3,4,4,150,107,0.7133333333333334,4.058567762374878,227.16419982910156
4,mp-wgan,3,5,1,200,0,0.0,4.155944108963013,233.42591905593872
4,mp-wgan,3,5,2,300,0,0.0,4.155944108963013,233.42591905593872
4,mp-wgan,3,5,3,250,200,0.8,4.155944108963013,233.42591905593872
4,mp-wgan,3,5,4,150,97,0.6466666666666666,4.155944108963013,233.42591905593872
4,mp-wgan,3,5,5,300,297,0.99,4.155944108963013,233.42591905593872
5,offline,3,None,1,300,281,0.9366666666666666,None,None
5,offline,3,None,2,300,287,0.9566666666666667,None,None
5,offline,3,None,3,200,102,0.51,None,None
5,offline,3,None,4,200,194,0.97,None,None
5,offline,3,None,5,200,155,0.775,None,None
5,mp-gan,3,1,1,300,295,0.9833333333333333,1.9745898246765137,125.80998229980469
5,mp-gan,3,2,1,300,272,0.9066666666666666,4.127007484436035,125.69760060310364
5,mp-gan,3,2,2,300,295,0.9833333333333333,4.127007484436035,125.69760060310364
5,mp-gan,3,3,1,300,218,0.7266666666666667,4.097357511520386,125.82449245452881
5,mp-gan,3,3,2,300,291,0.97,4.097357511520386,125.82449245452881
5,mp-gan,3,3,3,200,153,0.765,4.097357511520386,125.82449245452881
5,mp-gan,3,4,1,300,206,0.6866666666666666,4.1269614696502686,125.47746133804321
5,mp-gan,3,4,2,300,282,0.94,4.1269614696502686,125.47746133804321
5,mp-gan,3,4,3,200,141,0.705,4.1269614696502686,125.47746133804321
5,mp-gan,3,4,4,200,192,0.96,4.1269614696502686,125.47746133804321
5,mp-gan,3,5,1,300,126,0.42,4.124142646789551,126.3090603351593
5,mp-gan,3,5,2,300,281,0.9366666666666666,4.124142646789551,126.3090603351593
5,mp-gan,3,5,3,200,92,0.46,4.124142646789551,126.3090603351593
5,mp-gan,3,5,4,200,191,0.955,4.124142646789551,126.3090603351593
5,mp-gan,3,5,5,200,165,0.825,4.124142646789551,126.3090603351593
5,mp-wgan,3,1,1,300,295,0.9833333333333333,1.9790072441101074,230.36799240112305
5,mp-wgan,3,2,1,300,130,0.43333333333333335,4.108707427978516,265.1619966030121
5,mp-wgan,3,2,2,300,296,0.9866666666666667,4.108707427978516,265.1619966030121
5,mp-wgan,3,3,1,300,0,0.0,4.176612615585327,242.54657864570618
5,mp-wgan,3,3,2,300,263,0.8766666666666667,4.176612615585327,242.54657864570618
5,mp-wgan,3,3,3,200,196,0.98,4.176612615585327,242.54657864570618
5,mp-wgan,3,4,1,300,0,0.0,4.128830432891846,247.79868364334106
5,mp-wgan,3,4,2,300,117,0.39,4.128830432891846,247.79868364334106
5,mp-wgan,3,4,3,200,87,0.435,4.128830432891846,247.79868364334106
5,mp-wgan,3,4,4,200,187,0.935,4.128830432891846,247.79868364334106
5,mp-wgan,3,5,1,300,0,0.0,4.193317174911499,278.234139919281
5,mp-wgan,3,5,2,300,109,0.36333333333333334,4.193317174911499,278.234139919281
5,mp-wgan,3,5,3,200,0,0.0,4.193317174911499,278.234139919281
5,mp-wgan,3,5,4,200,109,0.545,4.193317174911499,278.234139919281
5,mp-wgan,3,5,5,200,176,0.88,4.193317174911499,278.234139919281
6,offline,3,None,1,200,170,0.85,None,None
6,offline,3,None,2,250,172,0.688,None,None
6,offline,3,None,3,200,196,0.98,None,None
6,offline,3,None,4,250,240,0.96,None,None
6,offline,3,None,5,250,224,0.896,None,None
6,mp-gan,3,1,1,200,197,0.985,2.0022473335266113,125.79905271530151
6,mp-gan,3,2,1,200,137,0.685,4.079667568206787,124.81839275360107
6,mp-gan,3,2,2,250,236,0.944,4.079667568206787,124.81839275360107
6,mp-gan,3,3,1,200,121,0.605,4.069716930389404,125.67831754684448
6,mp-gan,3,3,2,250,233,0.932,4.069716930389404,125.67831754684448
6,mp-gan,3,3,3,200,133,0.665,4.069716930389404,125.67831754684448
6,mp-gan,3,4,1,200,67,0.335,4.079459190368652,126.4521095752716
6,mp-gan,3,4,2,250,197,0.788,4.079459190368652,126.4521095752716
6,mp-gan,3,4,3,200,138,0.69,4.079459190368652,126.4521095752716
6,mp-gan,3,4,4,250,230,0.92,4.079459190368652,126.4521095752716
6,mp-gan,3,5,1,200,53,0.265,4.138680458068848,125.4676284790039
6,mp-gan,3,5,2,250,171,0.684,4.138680458068848,125.4676284790039
6,mp-gan,3,5,3,200,144,0.72,4.138680458068848,125.4676284790039
6,mp-gan,3,5,4,250,234,0.936,4.138680458068848,125.4676284790039
6,mp-gan,3,5,5,250,222,0.888,4.138680458068848,125.4676284790039
6,mp-wgan,3,1,1,200,197,0.985,1.9938454627990723,262.84469771385193
6,mp-wgan,3,2,1,200,66,0.33,4.150942325592041,227.67124223709106
6,mp-wgan,3,2,2,250,241,0.964,4.150942325592041,227.67124223709106
6,mp-wgan,3,3,1,200,51,0.255,4.090272903442383,260.69019961357117
6,mp-wgan,3,3,2,250,237,0.948,4.090272903442383,260.69019961357117
6,mp-wgan,3,3,3,200,132,0.66,4.090272903442383,260.69019961357117
6,mp-wgan,3,4,1,200,26,0.13,4.123236179351807,226.440194606781
6,mp-wgan,3,4,2,250,81,0.324,4.123236179351807,226.440194606781
6,mp-wgan,3,4,3,200,123,0.615,4.123236179351807,226.440194606781
6,mp-wgan,3,4,4,250,244,0.976,4.123236179351807,226.440194606781
6,mp-wgan,3,5,1,200,13,0.065,4.1122565269470215,250.47580409049988
6,mp-wgan,3,5,2,250,0,0.0,4.1122565269470215,250.47580409049988
6,mp-wgan,3,5,3,200,105,0.525,4.1122565269470215,250.47580409049988
6,mp-wgan,3,5,4,250,222,0.888,4.1122565269470215,250.47580409049988
6,mp-wgan,3,5,5,250,242,0.968,4.1122565269470215,250.47580409049988
7,offline,3,None,1,150,143,0.9533333333333334,None,None
7,offline,3,None,2,200,105,0.525,None,None
7,offline,3,None,3,200,190,0.95,None,None
7,offline,3,None,4,300,129,0.43,None,None
7,offline,3,None,5,300,260,0.8666666666666667,None,None
7,mp-gan,3,1,1,150,148,0.9866666666666667,1.9733824729919434,126.06022453308105
7,mp-gan,3,2,1,150,120,0.8,4.151590824127197,125.4188756942749
7,mp-gan,3,2,2,200,199,0.995,4.151590824127197,125.4188756942749
7,mp-gan,3,3,1,150,111,0.74,4.149730443954468,126.81927132606506
7,mp-gan,3,3,2,200,179,0.895,4.149730443954468,126.81927132606506
7,mp-gan,3,3,3,200,167,0.835,4.149730443954468,126.81927132606506
7,mp-gan,3,4,1,150,110,0.7333333333333333,4.177699327468872,125.31833577156067
7,mp-gan,3,4,2,200,132,0.66,4.177699327468872,125.31833577156067
7,mp-gan,3,4,3,200,169,0.845,4.177699327468872,125.31833577156067
7,mp-gan,3,4,4,300,280,0.9333333333333333,4.177699327468872,125.31833577156067
7,mp-gan,3,5,1,150,101,0.6733333333333333,4.123788356781006,126.67644023895264
7,mp-gan,3,5,2,200,124,0.62,4.123788356781006,126.67644023895264
7,mp-gan,3,5,3,200,178,0.89,4.123788356781006,126.67644023895264
7,mp-gan,3,5,4,300,249,0.83,4.123788356781006,126.67644023895264
7,mp-gan,3,5,5,300,270,0.9,4.123788356781006,126.67644023895264
7,mp-wgan,3,1,1,150,147,0.98,1.9902675151824951,227.09972429275513
7,mp-wgan,3,2,1,150,36,0.24,4.087515115737915,253.34757018089294
7,mp-wgan,3,2,2,200,198,0.99,4.087515115737915,253.34757018089294
7,mp-wgan,3,3,1,150,33,0.22,4.097996950149536,265.9070637226105
7,mp-wgan,3,3,2,200,107,0.535,4.097996950149536,265.9070637226105
7,mp-wgan,3,3,3,200,193,0.965,4.097996950149536,265.9070637226105
7,mp-wgan,3,4,1,150,15,0.1,4.075384855270386,253.45295357704163
7,mp-wgan,3,4,2,200,24,0.12,4.075384855270386,253.45295357704163
7,mp-wgan,3,4,3,200,0,0.0,4.075384855270386,253.45295357704163
7,mp-wgan,3,4,4,300,299,0.9966666666666667,4.075384855270386,253.45295357704163
7,mp-wgan,3,5,1,150,24,0.16,4.177017688751221,239.56967902183533
7,mp-wgan,3,5,2,200,12,0.06,4.177017688751221,239.56967902183533
7,mp-wgan,3,5,3,200,0,0.0,4.177017688751221,239.56967902183533
7,mp-wgan,3,5,4,300,286,0.9533333333333334,4.177017688751221,239.56967902183533
7,mp-wgan,3,5,5,300,238,0.7933333333333333,4.177017688751221,239.56967902183533
8,offline,3,None,1,300,180,0.6,None,None
8,offline,3,None,2,150,133,0.8866666666666667,None,None
8,offline,3,None,3,200,192,0.96,None,None
8,offline,3,None,4,300,256,0.8533333333333334,None,None
8,offline,3,None,5,250,240,0.96,None,None
8,mp-gan,3,1,1,300,287,0.9566666666666667,1.9745211601257324,125.86785554885864
8,mp-gan,3,2,1,300,248,0.8266666666666667,4.109474182128906,125.43344950675964
8,mp-gan,3,2,2,150,143,0.9533333333333334,4.109474182128906,125.43344950675964
8,mp-gan,3,3,1,300,223,0.7433333333333333,4.060988664627075,126.19168829917908
8,mp-gan,3,3,2,150,139,0.9266666666666666,4.060988664627075,126.19168829917908
8,mp-gan,3,3,3,200,194,0.97,4.060988664627075,126.19168829917908
8,mp-gan,3,4,1,300,181,0.6033333333333334,4.140194892883301,125.66517901420593
8,mp-gan,3,4,2,150,137,0.9133333333333333,4.140194892883301,125.66517901420593
8,mp-gan,3,4,3,200,191,0.955,4.140194892883301,125.66517901420593
8,mp-gan,3,4,4,300,269,0.8966666666666666,4.140194892883301,125.66517901420593
8,mp-gan,3,5,1,300,164,0.5466666666666666,4.150346755981445,124.73593211174011
8,mp-gan,3,5,2,150,137,0.9133333333333333,4.150346755981445,124.73593211174011
8,mp-gan,3,5,3,200,188,0.94,4.150346755981445,124.73593211174011
8,mp-gan,3,5,4,300,267,0.89,4.150346755981445,124.73593211174011
8,mp-gan,3,5,5,250,238,0.952,4.150346755981445,124.73593211174011
8,mp-wgan,3,1,1,300,287,0.9566666666666667,1.955784797668457,229.63245153427124
8,mp-wgan,3,2,1,300,109,0.36333333333333334,4.086396932601929,277.0476191043854
8,mp-wgan,3,2,2,150,143,0.9533333333333334,4.086396932601929,277.0476191043854
8,mp-wgan,3,3,1,300,23,0.07666666666666666,4.072775602340698,226.58866333961487
8,mp-wgan,3,3,2,150,141,0.94,4.072775602340698,226.58866333961487
8,mp-wgan,3,3,3,200,193,0.965,4.072775602340698,226.58866333961487
8,mp-wgan,3,4,1,300,0,0.0,4.154427766799927,235.50677943229675
8,mp-wgan,3,4,2,150,139,0.9266666666666666,4.154427766799927,235.50677943229675
8,mp-wgan,3,4,3,200,127,0.635,4.154427766799927,235.50677943229675
8,mp-wgan,3,4,4,300,287,0.9566666666666667,4.154427766799927,235.50677943229675
8,mp-wgan,3,5,1,300,0,0.0,4.124525308609009,272.8614151477814
8,mp-wgan,3,5,2,150,108,0.72,4.124525308609009,272.8614151477814
8,mp-wgan,3,5,3,200,108,0.54,4.124525308609009,272.8614151477814
8,mp-wgan,3,5,4,300,287,0.9566666666666667,4.124525308609009,272.8614151477814
8,mp-wgan,3,5,5,250,238,0.952,4.124525308609009,272.8614151477814
9,offline,3,None,1,250,208,0.832,None,None
9,offline,3,None,2,300,293,0.9766666666666667,None,None
9,offline,3,None,3,300,203,0.6766666666666666,None,None
9,offline,3,None,4,200,154,0.77,None,None
9,offline,3,None,5,150,147,0.98,None,None
9,mp-gan,3,1,1,250,247,0.988,1.9526915550231934,125.83387422561646
9,mp-gan,3,2,1,250,228,0.912,4.0300445556640625,126.33434295654297
9,mp-gan,3,2,2,300,293,0.9766666666666667,4.0300445556640625,126.33434295654297
9,mp-gan,3,3,1,250,134,0.536,4.1415324211120605,126.07054615020752
9,mp-gan,3,3,2,300,294,0.98,4.1415324211120605,126.07054615020752
9,mp-gan,3,3,3,300,291,0.97,4.1415324211120605,126.07054615020752
9,mp-gan,3,4,1,250,114,0.456,4.0922300815582275,125.28475093841553
9,mp-gan,3,4,2,300,276,0.92,4.0922300815582275,125.28475093841553
9,mp-gan,3,4,3,300,286,0.9533333333333334,4.0922300815582275,125.28475093841553
9,mp-gan,3,4,4,200,186,0.93,4.0922300815582275,125.28475093841553
9,mp-gan,3,5,1,250,107,0.428,4.130194187164307,125.83635568618774
9,mp-gan,3,5,2,300,278,0.9266666666666666,4.130194187164307,125.83635568618774
9,mp-gan,3,5,3,300,269,0.8966666666666666,4.130194187164307,125.83635568618774
9,mp-gan,3,5,4,200,185,0.925,4.130194187164307,125.83635568618774
9,mp-gan,3,5,5,150,115,0.7666666666666667,4.130194187164307,125.83635568618774
9,mp-wgan,3,1,1,250,246,0.984,2.001948118209839,230.0215344429016
9,mp-wgan,3,2,1,250,138,0.552,4.153424501419067,244.5939178466797
9,mp-wgan,3,2,2,300,296,0.9866666666666667,4.153424501419067,244.5939178466797
9,mp-wgan,3,3,1,250,23,0.092,4.084247827529907,227.29326725006104
9,mp-wgan,3,3,2,300,227,0.7566666666666667,4.084247827529907,227.29326725006104
9,mp-wgan,3,3,3,300,295,0.9833333333333333,4.084247827529907,227.29326725006104
9,mp-wgan,3,4,1,250,3,0.012,4.083299875259399,227.54821848869324
9,mp-wgan,3,4,2,300,8,0.02666666666666667,4.083299875259399,227.54821848869324
9,mp-wgan,3,4,3,300,247,0.8233333333333334,4.083299875259399,227.54821848869324
9,mp-wgan,3,4,4,200,198,0.99,4.083299875259399,227.54821848869324
9,mp-wgan,3,5,1,250,4,0.016,4.112823486328125,255.6909260749817
9,mp-wgan,3,5,2,300,0,0.0,4.112823486328125,255.6909260749817
9,mp-wgan,3,5,3,300,229,0.7633333333333333,4.112823486328125,255.6909260749817
9,mp-wgan,3,5,4,200,172,0.86,4.112823486328125,255.6909260749817
9,mp-wgan,3,5,5,150,96,0.64,4.112823486328125,255.6909260749817
