task_order, method, cmd, train_session, task_index, no_of_test, no_of_correct_prediction, accuracy, solver_training_time, generator_training_time
0,offline,0,None,1,300,186,0.62,None,None
0,offline,0,None,2,1100,1087,0.9881818181818182,None,None
0,offline,0,None,3,100,71,0.71,None,None
0,offline,0,None,4,1150,1121,0.9747826086956521,None,None
0,offline,0,None,5,300,292,0.9733333333333334,None,None
0,none,0,1,1,300,164,0.5466666666666666,12.710012435913086,0.0
0,none,0,2,1,300,7,0.023333333333333334,9.984831094741821,0.0
0,none,0,2,2,1100,1093,0.9936363636363637,9.984831094741821,0.0
0,none,0,3,1,300,0,0.0,11.506284713745117,0.0
0,none,0,3,2,1100,553,0.5027272727272727,11.506284713745117,0.0
0,none,0,3,3,100,100,1.0,11.506284713745117,0.0
0,none,0,4,1,300,0,0.0,10.142879009246826,0.0
0,none,0,4,2,1100,3,0.0027272727272727275,10.142879009246826,0.0
0,none,0,4,3,100,15,0.15,10.142879009246826,0.0
0,none,0,4,4,1150,1149,0.9991304347826087,10.142879009246826,0.0
0,none,0,5,1,300,0,0.0,9.473666191101074,0.0
0,none,0,5,2,1100,0,0.0,9.473666191101074,0.0
0,none,0,5,3,100,2,0.02,9.473666191101074,0.0
0,none,0,5,4,1150,1085,0.9434782608695652,9.473666191101074,0.0
0,none,0,5,5,300,296,0.9866666666666667,9.473666191101074,0.0
0,exact,0,1,1,300,164,0.5466666666666666,11.693729162216187,0.0
0,exact,0,2,1,300,164,0.5466666666666666,14.383626937866211,0.0
0,exact,0,2,2,1100,1093,0.9936363636363637,14.383626937866211,0.0
0,exact,0,3,1,300,168,0.56,14.695703506469727,0.0
0,exact,0,3,2,1100,1093,0.9936363636363637,14.695703506469727,0.0
0,exact,0,3,3,100,92,0.92,14.695703506469727,0.0
0,exact,0,4,1,300,181,0.6033333333333334,13.740256071090698,0.0
0,exact,0,4,2,1100,1094,0.9945454545454545,13.740256071090698,0.0
0,exact,0,4,3,100,87,0.87,13.740256071090698,0.0
0,exact,0,4,4,1150,915,0.7956521739130434,13.740256071090698,0.0
0,exact,0,5,1,300,195,0.65,15.169888973236084,0.0
0,exact,0,5,2,1100,1094,0.9945454545454545,15.169888973236084,0.0
0,exact,0,5,3,100,87,0.87,15.169888973236084,0.0
0,exact,0,5,4,1150,909,0.7904347826086957,15.169888973236084,0.0
0,exact,0,5,5,300,278,0.9266666666666666,15.169888973236084,0.0
0,mp-gan,0,1,1,300,162,0.54,14.499725580215454,48.168288707733154
0,mp-gan,0,2,1,300,155,0.5166666666666667,15.593514919281006,46.31287217140198
0,mp-gan,0,2,2,1100,1093,0.9936363636363637,15.593514919281006,46.31287217140198
0,mp-gan,0,3,1,300,139,0.4633333333333333,18.610910415649414,47.39904570579529
0,mp-gan,0,3,2,1100,849,0.7718181818181818,18.610910415649414,47.39904570579529
0,mp-gan,0,3,3,100,100,1.0,18.610910415649414,47.39904570579529
0,mp-gan,0,4,1,300,118,0.3933333333333333,17.6740779876709,47.13300108909607
0,mp-gan,0,4,2,1100,717,0.6518181818181819,17.6740779876709,47.13300108909607
0,mp-gan,0,4,3,100,64,0.64,17.6740779876709,47.13300108909607
0,mp-gan,0,4,4,1150,1136,0.9878260869565217,17.6740779876709,47.13300108909607
0,mp-gan,0,5,1,300,127,0.42333333333333334,12.659045696258545,42.72488355636597
0,mp-gan,0,5,2,1100,717,0.6518181818181819,12.659045696258545,42.72488355636597
0,mp-gan,0,5,3,100,59,0.59,12.659045696258545,42.72488355636597
0,mp-gan,0,5,4,1150,1010,0.8782608695652174,12.659045696258545,42.72488355636597
0,mp-gan,0,5,5,300,277,0.9233333333333333,12.659045696258545,42.72488355636597
0,mp-wgan,0,1,1,300,163,0.5433333333333333,10.854972839355469,76.10947751998901
0,mp-wgan,0,2,1,300,146,0.4866666666666667,16.431061267852783,94.18501687049866
0,mp-wgan,0,2,2,1100,1093,0.9936363636363637,16.431061267852783,94.18501687049866
0,mp-wgan,0,3,1,300,92,0.30666666666666664,17.85698437690735,81.42078304290771
0,mp-wgan,0,3,2,1100,1086,0.9872727272727273,17.85698437690735,81.42078304290771
0,mp-wgan,0,3,3,100,100,1.0,17.85698437690735,81.42078304290771
0,mp-wgan,0,4,1,300,58,0.19333333333333333,16.160895586013794,107.83129262924194
0,mp-wgan,0,4,2,1100,1087,0.9881818181818182,16.160895586013794,107.83129262924194
0,mp-wgan,0,4,3,100,61,0.61,16.160895586013794,107.83129262924194
0,mp-wgan,0,4,4,1150,1141,0.9921739130434782,16.160895586013794,107.83129262924194
0,mp-wgan,0,5,1,300,48,0.16,18.4351487159729,94.49428081512451
0,mp-wgan,0,5,2,1100,1086,0.9872727272727273,18.4351487159729,94.49428081512451
0,mp-wgan,0,5,3,100,48,0.48,18.4351487159729,94.49428081512451
0,mp-wgan,0,5,4,1150,1109,0.9643478260869566,18.4351487159729,94.49428081512451
0,mp-wgan,0,5,5,300,296,0.9866666666666667,18.4351487159729,94.49428081512451
0,sg-cgan,0,1,1,300,192,0.64,12.595431327819824,168.49059081077576
0,sg-cgan,0,2,1,300,182,0.6066666666666667,17.034189462661743,315.91179060935974
0,sg-cgan,0,2,2,1100,1093,0.9936363636363637,17.034189462661743,315.91179060935974
0,sg-cgan,0,3,1,300,137,0.45666666666666667,16.73835301399231,297.1010355949402
0,sg-cgan,0,3,2,1100,782,0.7109090909090909,16.73835301399231,297.1010355949402
0,sg-cgan,0,3,3,100,100,1.0,16.73835301399231,297.1010355949402
0,sg-cgan,0,4,1,300,95,0.31666666666666665,14.223436832427979,344.6212387084961
0,sg-cgan,0,4,2,1100,916,0.8327272727272728,14.223436832427979,344.6212387084961
0,sg-cgan,0,4,3,100,63,0.63,14.223436832427979,344.6212387084961
0,sg-cgan,0,4,4,1150,1125,0.9782608695652174,14.223436832427979,344.6212387084961
0,sg-cgan,0,5,1,300,21,0.07,20.405866384506226,360.94068145751953
0,sg-cgan,0,5,2,1100,704,0.64,20.405866384506226,360.94068145751953
0,sg-cgan,0,5,3,100,53,0.53,20.405866384506226,360.94068145751953
0,sg-cgan,0,5,4,1150,1069,0.9295652173913044,20.405866384506226,360.94068145751953
0,sg-cgan,0,5,5,300,288,0.96,20.405866384506226,360.94068145751953
0,sg-cwgan,0,1,1,300,195,0.65,11.22708511352539,227.82803916931152
0,sg-cwgan,0,2,1,300,189,0.63,13.181750297546387,415.5039083957672
0,sg-cwgan,0,2,2,1100,1093,0.9936363636363637,13.181750297546387,415.5039083957672
0,sg-cwgan,0,3,1,300,96,0.32,13.397175073623657,411.7529385089874
0,sg-cwgan,0,3,2,1100,1090,0.990909090909091,13.397175073623657,411.7529385089874
0,sg-cwgan,0,3,3,100,100,1.0,13.397175073623657,411.7529385089874
0,sg-cwgan,0,4,1,300,24,0.08,13.18773365020752,410.26492190361023
0,sg-cwgan,0,4,2,1100,1089,0.99,13.18773365020752,410.26492190361023
0,sg-cwgan,0,4,3,100,68,0.68,13.18773365020752,410.26492190361023
0,sg-cwgan,0,4,4,1150,1142,0.9930434782608696,13.18773365020752,410.26492190361023
0,sg-cwgan,0,5,1,300,10,0.03333333333333333,13.295446872711182,424.5018479824066
0,sg-cwgan,0,5,2,1100,538,0.4890909090909091,13.295446872711182,424.5018479824066
0,sg-cwgan,0,5,3,100,61,0.61,13.295446872711182,424.5018479824066
0,sg-cwgan,0,5,4,1150,1127,0.98,13.295446872711182,424.5018479824066
0,sg-cwgan,0,5,5,300,296,0.9866666666666667,13.295446872711182,424.5018479824066
0,lwf,0,1,1,300,164,0.5466666666666666,10.756237030029297,0.0
0,lwf,0,2,1,300,7,0.023333333333333334,9.402858018875122,0.0
0,lwf,0,2,2,1100,1093,0.9936363636363637,9.402858018875122,0.0
0,lwf,0,3,1,300,0,0.0,9.781840562820435,0.0
0,lwf,0,3,2,1100,553,0.5027272727272727,9.781840562820435,0.0
0,lwf,0,3,3,100,100,1.0,9.781840562820435,0.0
0,lwf,0,4,1,300,0,0.0,9.123602867126465,0.0
0,lwf,0,4,2,1100,3,0.0027272727272727275,9.123602867126465,0.0
0,lwf,0,4,3,100,15,0.15,9.123602867126465,0.0
0,lwf,0,4,4,1150,1149,0.9991304347826087,9.123602867126465,0.0
0,lwf,0,5,1,300,0,0.0,8.967019319534302,0.0
0,lwf,0,5,2,1100,0,0.0,8.967019319534302,0.0
0,lwf,0,5,3,100,2,0.02,8.967019319534302,0.0
0,lwf,0,5,4,1150,1085,0.9434782608695652,8.967019319534302,0.0
0,lwf,0,5,5,300,296,0.9866666666666667,8.967019319534302,0.0
0,ewc,0,1,1,300,162,0.54,33.8694269657135,0.0
0,ewc,0,2,1,300,0,0.0,31.31027388572693,0.0
0,ewc,0,2,2,1100,1093,0.9936363636363637,31.31027388572693,0.0
0,ewc,0,3,1,300,0,0.0,32.31558585166931,0.0
0,ewc,0,3,2,1100,0,0.0,32.31558585166931,0.0
0,ewc,0,3,3,100,100,1.0,32.31558585166931,0.0
0,ewc,0,4,1,300,0,0.0,31.215526819229126,0.0
0,ewc,0,4,2,1100,0,0.0,31.215526819229126,0.0
0,ewc,0,4,3,100,16,0.16,31.215526819229126,0.0
0,ewc,0,4,4,1150,1150,1.0,31.215526819229126,0.0
0,ewc,0,5,1,300,0,0.0,31.665323734283447,0.0
0,ewc,0,5,2,1100,0,0.0,31.665323734283447,0.0
0,ewc,0,5,3,100,0,0.0,31.665323734283447,0.0
0,ewc,0,5,4,1150,0,0.0,31.665323734283447,0.0
0,ewc,0,5,5,300,298,0.9933333333333333,31.665323734283447,0.0
1,offline,0,None,1,550,541,0.9836363636363636,None,None
1,offline,0,None,2,300,133,0.44333333333333336,None,None
1,offline,0,None,3,350,306,0.8742857142857143,None,None
1,offline,0,None,4,1200,1196,0.9966666666666667,None,None
1,offline,0,None,5,600,593,0.9883333333333333,None,None
1,none,0,1,1,550,549,0.9981818181818182,31.320246934890747,0.0
1,none,0,2,1,550,0,0.0,31.601494550704956,0.0
1,none,0,2,2,300,157,0.5233333333333333,31.601494550704956,0.0
1,none,0,3,1,550,0,0.0,31.574565649032593,0.0
1,none,0,3,2,300,0,0.0,31.574565649032593,0.0
1,none,0,3,3,350,304,0.8685714285714285,31.574565649032593,0.0
1,none,0,4,1,550,0,0.0,30.8764328956604,0.0
1,none,0,4,2,300,0,0.0,30.8764328956604,0.0
1,none,0,4,3,350,0,0.0,30.8764328956604,0.0
1,none,0,4,4,1200,1199,0.9991666666666666,30.8764328956604,0.0
1,none,0,5,1,550,0,0.0,31.351163625717163,0.0
1,none,0,5,2,300,0,0.0,31.351163625717163,0.0
1,none,0,5,3,350,0,0.0,31.351163625717163,0.0
1,none,0,5,4,1200,0,0.0,31.351163625717163,0.0
1,none,0,5,5,600,598,0.9966666666666667,31.351163625717163,0.0
1,exact,0,1,1,550,549,0.9981818181818182,33.039642333984375,0.0
1,exact,0,2,1,550,550,1.0,34.04695391654968,0.0
1,exact,0,2,2,300,169,0.5633333333333334,34.04695391654968,0.0
1,exact,0,3,1,550,546,0.9927272727272727,33.77867293357849,0.0
1,exact,0,3,2,300,159,0.53,33.77867293357849,0.0
1,exact,0,3,3,350,294,0.84,33.77867293357849,0.0
1,exact,0,4,1,550,549,0.9981818181818182,34.38804388046265,0.0
1,exact,0,4,2,300,124,0.41333333333333333,34.38804388046265,0.0
1,exact,0,4,3,350,282,0.8057142857142857,34.38804388046265,0.0
1,exact,0,4,4,1200,1196,0.9966666666666667,34.38804388046265,0.0
1,exact,0,5,1,550,539,0.98,34.29329752922058,0.0
1,exact,0,5,2,300,172,0.5733333333333334,34.29329752922058,0.0
1,exact,0,5,3,350,286,0.8171428571428572,34.29329752922058,0.0
1,exact,0,5,4,1200,1163,0.9691666666666666,34.29329752922058,0.0
1,exact,0,5,5,600,596,0.9933333333333333,34.29329752922058,0.0
1,mp-gan,0,1,1,550,549,0.9981818181818182,30.68394660949707,42.71377992630005
1,mp-gan,0,2,1,550,541,0.9836363636363636,33.9103217124939,42.386653661727905
1,mp-gan,0,2,2,300,125,0.4166666666666667,33.9103217124939,42.386653661727905
1,mp-gan,0,3,1,550,538,0.9781818181818182,36.03763294219971,42.60706448554993
1,mp-gan,0,3,2,300,7,0.023333333333333334,36.03763294219971,42.60706448554993
1,mp-gan,0,3,3,350,309,0.8828571428571429,36.03763294219971,42.60706448554993
1,mp-gan,0,4,1,550,538,0.9781818181818182,33.25407648086548,42.07249355316162
1,mp-gan,0,4,2,300,29,0.09666666666666666,33.25407648086548,42.07249355316162
1,mp-gan,0,4,3,350,258,0.7371428571428571,33.25407648086548,42.07249355316162
1,mp-gan,0,4,4,1200,1199,0.9991666666666666,33.25407648086548,42.07249355316162
1,mp-gan,0,5,1,550,522,0.9490909090909091,36.858436584472656,42.469433307647705
1,mp-gan,0,5,2,300,27,0.09,36.858436584472656,42.469433307647705
1,mp-gan,0,5,3,350,208,0.5942857142857143,36.858436584472656,42.469433307647705
1,mp-gan,0,5,4,1200,1138,0.9483333333333334,36.858436584472656,42.469433307647705
1,mp-gan,0,5,5,600,597,0.995,36.858436584472656,42.469433307647705
1,mp-wgan,0,1,1,550,549,0.9981818181818182,30.86845636367798,75.39339065551758
1,mp-wgan,0,2,1,550,386,0.7018181818181818,33.70885992050171,74.71919417381287
1,mp-wgan,0,2,2,300,169,0.5633333333333334,33.70885992050171,74.71919417381287
1,mp-wgan,0,3,1,550,248,0.4509090909090909,36.62805390357971,75.5250403881073
1,mp-wgan,0,3,2,300,88,0.29333333333333333,36.62805390357971,75.5250403881073
1,mp-wgan,0,3,3,350,291,0.8314285714285714,36.62805390357971,75.5250403881073
1,mp-wgan,0,4,1,550,213,0.38727272727272727,34.99841070175171,74.9455885887146
1,mp-wgan,0,4,2,300,106,0.35333333333333333,34.99841070175171,74.9455885887146
1,mp-wgan,0,4,3,350,187,0.5342857142857143,34.99841070175171,74.9455885887146
1,mp-wgan,0,4,4,1200,1199,0.9991666666666666,34.99841070175171,74.9455885887146
1,mp-wgan,0,5,1,550,227,0.4127272727272727,35.37939190864563,75.14804816246033
1,mp-wgan,0,5,2,300,19,0.06333333333333334,35.37939190864563,75.14804816246033
1,mp-wgan,0,5,3,350,144,0.4114285714285714,35.37939190864563,75.14804816246033
1,mp-wgan,0,5,4,1200,1144,0.9533333333333334,35.37939190864563,75.14804816246033
1,mp-wgan,0,5,5,600,596,0.9933333333333333,35.37939190864563,75.14804816246033
1,sg-cgan,0,1,1,550,549,0.9981818181818182,31.214529514312744,144.32506275177002
1,sg-cgan,0,2,1,550,545,0.990909090909091,38.225780963897705,284.6149158477783
1,sg-cgan,0,2,2,300,129,0.43,38.225780963897705,284.6149158477783
1,sg-cgan,0,3,1,550,387,0.7036363636363636,35.410311222076416,281.6159346103668
1,sg-cgan,0,3,2,300,86,0.2866666666666667,35.410311222076416,281.6159346103668
1,sg-cgan,0,3,3,350,305,0.8714285714285714,35.410311222076416,281.6159346103668
1,sg-cgan,0,4,1,550,438,0.7963636363636364,34.560582399368286,278.9530565738678
1,sg-cgan,0,4,2,300,103,0.3433333333333333,34.560582399368286,278.9530565738678
1,sg-cgan,0,4,3,350,143,0.4085714285714286,34.560582399368286,278.9530565738678
1,sg-cgan,0,4,4,1200,1199,0.9991666666666666,34.560582399368286,278.9530565738678
1,sg-cgan,0,5,1,550,361,0.6563636363636364,34.84382510185242,278.0464811325073
1,sg-cgan,0,5,2,300,3,0.01,34.84382510185242,278.0464811325073
1,sg-cgan,0,5,3,350,105,0.3,34.84382510185242,278.0464811325073
1,sg-cgan,0,5,4,1200,1133,0.9441666666666667,34.84382510185242,278.0464811325073
1,sg-cgan,0,5,5,600,596,0.9933333333333333,34.84382510185242,278.0464811325073
1,sg-cwgan,0,1,1,550,549,0.9981818181818182,31.52669668197632,209.2464554309845
1,sg-cwgan,0,2,1,550,540,0.9818181818181818,35.29561758041382,411.3696653842926
1,sg-cwgan,0,2,2,300,129,0.43,35.29561758041382,411.3696653842926
1,sg-cwgan,0,3,1,550,538,0.9781818181818182,35.34747910499573,418.67442870140076
1,sg-cwgan,0,3,2,300,0,0.0,35.34747910499573,418.67442870140076
1,sg-cwgan,0,3,3,350,311,0.8885714285714286,35.34747910499573,418.67442870140076
1,sg-cwgan,0,4,1,550,368,0.6690909090909091,31.517719745635986,383.0467007160187
1,sg-cwgan,0,4,2,300,0,0.0,31.517719745635986,383.0467007160187
1,sg-cwgan,0,4,3,350,169,0.4828571428571429,31.517719745635986,383.0467007160187
1,sg-cwgan,0,4,4,1200,1200,1.0,31.517719745635986,383.0467007160187
1,sg-cwgan,0,5,1,550,0,0.0,32.200892210006714,385.03039622306824
1,sg-cwgan,0,5,2,300,0,0.0,32.200892210006714,385.03039622306824
1,sg-cwgan,0,5,3,350,116,0.3314285714285714,32.200892210006714,385.03039622306824
1,sg-cwgan,0,5,4,1200,282,0.235,32.200892210006714,385.03039622306824
1,sg-cwgan,0,5,5,600,596,0.9933333333333333,32.200892210006714,385.03039622306824
1,lwf,0,1,1,550,549,0.9981818181818182,7.850009202957153,0.0
1,lwf,0,2,1,550,549,0.9981818181818182,8.817420244216919,0.0
1,lwf,0,2,2,300,36,0.12,8.817420244216919,0.0
1,lwf,0,3,1,550,16,0.02909090909090909,8.427463054656982,0.0
1,lwf,0,3,2,300,12,0.04,8.427463054656982,0.0
1,lwf,0,3,3,350,269,0.7685714285714286,8.427463054656982,0.0
1,lwf,0,4,1,550,0,0.0,8.3606436252594,0.0
1,lwf,0,4,2,300,0,0.0,8.3606436252594,0.0
1,lwf,0,4,3,350,54,0.15428571428571428,8.3606436252594,0.0
1,lwf,0,4,4,1200,1200,1.0,8.3606436252594,0.0
1,lwf,0,5,1,550,0,0.0,8.275869607925415,0.0
1,lwf,0,5,2,300,0,0.0,8.275869607925415,0.0
1,lwf,0,5,3,350,23,0.06571428571428571,8.275869607925415,0.0
1,lwf,0,5,4,1200,1122,0.935,8.275869607925415,0.0
1,lwf,0,5,5,600,595,0.9916666666666667,8.275869607925415,0.0
1,ewc,0,1,1,550,549,0.9981818181818182,27.21821618080139,0.0
1,ewc,0,2,1,550,0,0.0,27.484503746032715,0.0
1,ewc,0,2,2,300,157,0.5233333333333333,27.484503746032715,0.0
1,ewc,0,3,1,550,0,0.0,27.565287590026855,0.0
1,ewc,0,3,2,300,0,0.0,27.565287590026855,0.0
1,ewc,0,3,3,350,304,0.8685714285714285,27.565287590026855,0.0
1,ewc,0,4,1,550,0,0.0,26.98783254623413,0.0
1,ewc,0,4,2,300,0,0.0,26.98783254623413,0.0
1,ewc,0,4,3,350,0,0.0,26.98783254623413,0.0
1,ewc,0,4,4,1200,1199,0.9991666666666666,26.98783254623413,0.0
1,ewc,0,5,1,550,0,0.0,27.42266869544983,0.0
1,ewc,0,5,2,300,0,0.0,27.42266869544983,0.0
1,ewc,0,5,3,350,0,0.0,27.42266869544983,0.0
1,ewc,0,5,4,1200,0,0.0,27.42266869544983,0.0
1,ewc,0,5,5,600,598,0.9966666666666667,27.42266869544983,0.0
2,offline,0,None,1,100,67,0.67,None,None
2,offline,0,None,2,1150,993,0.8634782608695653,None,None
2,offline,0,None,3,350,320,0.9142857142857143,None,None
2,offline,0,None,4,300,274,0.9133333333333333,None,None
2,offline,0,None,5,1100,1092,0.9927272727272727,None,None
2,none,0,1,1,100,99,0.99,27.36083459854126,0.0
2,none,0,2,1,100,0,0.0,28.194605588912964,0.0
2,none,0,2,2,1150,1150,1.0,28.194605588912964,0.0
2,none,0,3,1,100,0,0.0,27.480514764785767,0.0
2,none,0,3,2,1150,0,0.0,27.480514764785767,0.0
2,none,0,3,3,350,348,0.9942857142857143,27.480514764785767,0.0
2,none,0,4,1,100,0,0.0,27.10451865196228,0.0
2,none,0,4,2,1150,0,0.0,27.10451865196228,0.0
2,none,0,4,3,350,0,0.0,27.10451865196228,0.0
2,none,0,4,4,300,300,1.0,27.10451865196228,0.0
2,none,0,5,1,100,0,0.0,26.78936266899109,0.0
2,none,0,5,2,1150,0,0.0,26.78936266899109,0.0
2,none,0,5,3,350,0,0.0,26.78936266899109,0.0
2,none,0,5,4,300,0,0.0,26.78936266899109,0.0
2,none,0,5,5,1100,1093,0.9936363636363637,26.78936266899109,0.0
2,exact,0,1,1,100,99,0.99,27.14840316772461,0.0
2,exact,0,2,1,100,62,0.62,29.881094217300415,0.0
2,exact,0,2,2,1150,1050,0.9130434782608695,29.881094217300415,0.0
2,exact,0,3,1,100,49,0.49,30.313937187194824,0.0
2,exact,0,3,2,1150,1072,0.9321739130434783,30.313937187194824,0.0
2,exact,0,3,3,350,347,0.9914285714285714,30.313937187194824,0.0
2,exact,0,4,1,100,70,0.7,29.68062973022461,0.0
2,exact,0,4,2,1150,989,0.86,29.68062973022461,0.0
2,exact,0,4,3,350,316,0.9028571428571428,29.68062973022461,0.0
2,exact,0,4,4,300,287,0.9566666666666667,29.68062973022461,0.0
2,exact,0,5,1,100,63,0.63,29.773383140563965,0.0
2,exact,0,5,2,1150,1021,0.8878260869565218,29.773383140563965,0.0
2,exact,0,5,3,350,322,0.92,29.773383140563965,0.0
2,exact,0,5,4,300,272,0.9066666666666666,29.773383140563965,0.0
2,exact,0,5,5,1100,1091,0.9918181818181818,29.773383140563965,0.0
2,mp-gan,0,1,1,100,99,0.99,27.0496666431427,40.10974383354187
2,mp-gan,0,2,1,100,19,0.19,29.32059144973755,40.68021750450134
2,mp-gan,0,2,2,1150,1149,0.9991304347826087,29.32059144973755,40.68021750450134
2,mp-gan,0,3,1,100,23,0.23,30.703895092010498,39.80156755447388
2,mp-gan,0,3,2,1150,999,0.8686956521739131,30.703895092010498,39.80156755447388
2,mp-gan,0,3,3,350,350,1.0,30.703895092010498,39.80156755447388
2,mp-gan,0,4,1,100,4,0.04,32.311596393585205,39.18022847175598
2,mp-gan,0,4,2,1150,943,0.82,32.311596393585205,39.18022847175598
2,mp-gan,0,4,3,350,262,0.7485714285714286,32.311596393585205,39.18022847175598
2,mp-gan,0,4,4,300,299,0.9966666666666667,32.311596393585205,39.18022847175598
2,mp-gan,0,5,1,100,18,0.18,31.076897859573364,39.37171649932861
2,mp-gan,0,5,2,1150,979,0.851304347826087,31.076897859573364,39.37171649932861
2,mp-gan,0,5,3,350,310,0.8857142857142857,31.076897859573364,39.37171649932861
2,mp-gan,0,5,4,300,270,0.9,31.076897859573364,39.37171649932861
2,mp-gan,0,5,5,1100,1093,0.9936363636363637,31.076897859573364,39.37171649932861
2,mp-wgan,0,1,1,100,99,0.99,27.377789735794067,69.60985732078552
2,mp-wgan,0,2,1,100,3,0.03,29.862146377563477,69.269766330719
2,mp-wgan,0,2,2,1150,1149,0.9991304347826087,29.862146377563477,69.269766330719
2,mp-wgan,0,3,1,100,41,0.41,31.105820178985596,69.47122883796692
2,mp-wgan,0,3,2,1150,872,0.7582608695652174,31.105820178985596,69.47122883796692
2,mp-wgan,0,3,3,350,349,0.9971428571428571,31.105820178985596,69.47122883796692
2,mp-wgan,0,4,1,100,5,0.05,31.78500461578369,69.22388982772827
2,mp-wgan,0,4,2,1150,871,0.7573913043478261,31.78500461578369,69.22388982772827
2,mp-wgan,0,4,3,350,247,0.7057142857142857,31.78500461578369,69.22388982772827
2,mp-wgan,0,4,4,300,300,1.0,31.78500461578369,69.22388982772827
2,mp-wgan,0,5,1,100,22,0.22,31.169649362564087,69.53406023979187
2,mp-wgan,0,5,2,1150,861,0.7486956521739131,31.169649362564087,69.53406023979187
2,mp-wgan,0,5,3,350,251,0.7171428571428572,31.169649362564087,69.53406023979187
2,mp-wgan,0,5,4,300,188,0.6266666666666667,31.169649362564087,69.53406023979187
2,mp-wgan,0,5,5,1100,1093,0.9936363636363637,31.169649362564087,69.53406023979187
2,sg-cgan,0,1,1,100,99,0.99,26.933977127075195,130.54890084266663
2,sg-cgan,0,2,1,100,10,0.1,30.873440980911255,256.2926516532898
2,sg-cgan,0,2,2,1150,1149,0.9991304347826087,30.873440980911255,256.2926516532898
2,sg-cgan,0,3,1,100,13,0.13,29.851176023483276,256.3175859451294
2,sg-cgan,0,3,2,1150,873,0.7591304347826087,29.851176023483276,256.3175859451294
2,sg-cgan,0,3,3,350,349,0.9971428571428571,29.851176023483276,256.3175859451294
2,sg-cgan,0,4,1,100,2,0.02,31.958539247512817,255.3511700630188
2,sg-cgan,0,4,2,1150,858,0.7460869565217392,31.958539247512817,255.3511700630188
2,sg-cgan,0,4,3,350,248,0.7085714285714285,31.958539247512817,255.3511700630188
2,sg-cgan,0,4,4,300,299,0.9966666666666667,31.958539247512817,255.3511700630188
2,sg-cgan,0,5,1,100,6,0.06,29.841201305389404,254.60815691947937
2,sg-cgan,0,5,2,1150,860,0.7478260869565218,29.841201305389404,254.60815691947937
2,sg-cgan,0,5,3,350,302,0.8628571428571429,29.841201305389404,254.60815691947937
2,sg-cgan,0,5,4,300,274,0.9133333333333333,29.841201305389404,254.60815691947937
2,sg-cgan,0,5,5,1100,1093,0.9936363636363637,29.841201305389404,254.60815691947937
2,sg-cwgan,0,1,1,100,100,1.0,26.783379316329956,193.56937909126282
2,sg-cwgan,0,2,1,100,10,0.1,31.800962209701538,382.24683952331543
2,sg-cwgan,0,2,2,1150,1150,1.0,31.800962209701538,382.24683952331543
2,sg-cwgan,0,3,1,100,17,0.17,32.093178033828735,383.55035495758057
2,sg-cwgan,0,3,2,1150,1001,0.8704347826086957,32.093178033828735,383.55035495758057
2,sg-cwgan,0,3,3,350,350,1.0,32.093178033828735,383.55035495758057
2,sg-cwgan,0,4,1,100,11,0.11,30.6350736618042,382.6228346824646
2,sg-cwgan,0,4,2,1150,1017,0.8843478260869565,30.6350736618042,382.6228346824646
2,sg-cwgan,0,4,3,350,251,0.7171428571428572,30.6350736618042,382.6228346824646
2,sg-cwgan,0,4,4,300,299,0.9966666666666667,30.6350736618042,382.6228346824646
2,sg-cwgan,0,5,1,100,25,0.25,30.822577476501465,381.00216817855835
2,sg-cwgan,0,5,2,1150,841,0.731304347826087,30.822577476501465,381.00216817855835
2,sg-cwgan,0,5,3,350,293,0.8371428571428572,30.822577476501465,381.00216817855835
2,sg-cwgan,0,5,4,300,267,0.89,30.822577476501465,381.00216817855835
2,sg-cwgan,0,5,5,1100,1093,0.9936363636363637,30.822577476501465,381.00216817855835
2,lwf,0,1,1,100,100,1.0,8.274872779846191,0.0
2,lwf,0,2,1,100,0,0.0,8.438434600830078,0.0
2,lwf,0,2,2,1150,1150,1.0,8.438434600830078,0.0
2,lwf,0,3,1,100,0,0.0,8.657848119735718,0.0
2,lwf,0,3,2,1150,1092,0.9495652173913044,8.657848119735718,0.0
2,lwf,0,3,3,350,347,0.9914285714285714,8.657848119735718,0.0
2,lwf,0,4,1,100,0,0.0,8.753592491149902,0.0
2,lwf,0,4,2,1150,843,0.7330434782608696,8.753592491149902,0.0
2,lwf,0,4,3,350,260,0.7428571428571429,8.753592491149902,0.0
2,lwf,0,4,4,300,300,1.0,8.753592491149902,0.0
2,lwf,0,5,1,100,0,0.0,8.56010913848877,0.0
2,lwf,0,5,2,1150,907,0.788695652173913,8.56010913848877,0.0
2,lwf,0,5,3,350,249,0.7114285714285714,8.56010913848877,0.0
2,lwf,0,5,4,300,282,0.94,8.56010913848877,0.0
2,lwf,0,5,5,1100,1093,0.9936363636363637,8.56010913848877,0.0
2,ewc,0,1,1,100,99,0.99,27.37579369544983,0.0
2,ewc,0,2,1,100,0,0.0,27.731841564178467,0.0
2,ewc,0,2,2,1150,1150,1.0,27.731841564178467,0.0
2,ewc,0,3,1,100,0,0.0,27.370807886123657,0.0
2,ewc,0,3,2,1150,0,0.0,27.370807886123657,0.0
2,ewc,0,3,3,350,348,0.9942857142857143,27.370807886123657,0.0
2,ewc,0,4,1,100,0,0.0,27.428653240203857,0.0
2,ewc,0,4,2,1150,0,0.0,27.428653240203857,0.0
2,ewc,0,4,3,350,0,0.0,27.428653240203857,0.0
2,ewc,0,4,4,300,300,1.0,27.428653240203857,0.0
2,ewc,0,5,1,100,0,0.0,27.298003911972046,0.0
2,ewc,0,5,2,1150,0,0.0,27.298003911972046,0.0
2,ewc,0,5,3,350,0,0.0,27.298003911972046,0.0
2,ewc,0,5,4,300,0,0.0,27.298003911972046,0.0
2,ewc,0,5,5,1100,1093,0.9936363636363637,27.298003911972046,0.0
3,offline,0,None,1,100,20,0.2,None,None
3,offline,0,None,2,1450,1441,0.9937931034482759,None,None
3,offline,0,None,3,500,476,0.952,None,None
3,offline,0,None,4,550,547,0.9945454545454545,None,None
3,offline,0,None,5,350,314,0.8971428571428571,None,None
3,none,0,1,1,100,99,0.99,28.48582625389099,0.0
3,none,0,2,1,100,0,0.0,28.089884757995605,0.0
3,none,0,2,2,1450,1450,1.0,28.089884757995605,0.0
3,none,0,3,1,100,0,0.0,28.144737720489502,0.0
3,none,0,3,2,1450,0,0.0,28.144737720489502,0.0
3,none,0,3,3,500,492,0.984,28.144737720489502,0.0
3,none,0,4,1,100,0,0.0,29.07126021385193,0.0
3,none,0,4,2,1450,0,0.0,29.07126021385193,0.0
3,none,0,4,3,500,0,0.0,29.07126021385193,0.0
3,none,0,4,4,550,550,1.0,29.07126021385193,0.0
3,none,0,5,1,100,0,0.0,27.144412755966187,0.0
3,none,0,5,2,1450,0,0.0,27.144412755966187,0.0
3,none,0,5,3,500,0,0.0,27.144412755966187,0.0
3,none,0,5,4,550,0,0.0,27.144412755966187,0.0
3,none,0,5,5,350,348,0.9942857142857143,27.144412755966187,0.0
3,exact,0,1,1,100,99,0.99,27.96721339225769,0.0
3,exact,0,2,1,100,98,0.98,29.234824180603027,0.0
3,exact,0,2,2,1450,1449,0.9993103448275862,29.234824180603027,0.0
3,exact,0,3,1,100,52,0.52,30.277037382125854,0.0
3,exact,0,3,2,1450,1446,0.9972413793103448,30.277037382125854,0.0
3,exact,0,3,3,500,417,0.834,30.277037382125854,0.0
3,exact,0,4,1,100,35,0.35,30.325905799865723,0.0
3,exact,0,4,2,1450,1441,0.9937931034482759,30.325905799865723,0.0
3,exact,0,4,3,500,462,0.924,30.325905799865723,0.0
3,exact,0,4,4,550,548,0.9963636363636363,30.325905799865723,0.0
3,exact,0,5,1,100,98,0.98,30.5792293548584,0.0
3,exact,0,5,2,1450,1442,0.9944827586206897,30.5792293548584,0.0
3,exact,0,5,3,500,118,0.236,30.5792293548584,0.0
3,exact,0,5,4,550,547,0.9945454545454545,30.5792293548584,0.0
3,exact,0,5,5,350,344,0.9828571428571429,30.5792293548584,0.0
3,mp-gan,0,1,1,100,99,0.99,27.741815090179443,38.8919997215271
3,mp-gan,0,2,1,100,92,0.92,29.517067909240723,39.22012233734131
3,mp-gan,0,2,2,1450,1450,1.0,29.517067909240723,39.22012233734131
3,mp-gan,0,3,1,100,18,0.18,32.62972950935364,39.2400689125061
3,mp-gan,0,3,2,1450,1440,0.993103448275862,32.62972950935364,39.2400689125061
3,mp-gan,0,3,3,500,491,0.982,32.62972950935364,39.2400689125061
3,mp-gan,0,4,1,100,3,0.03,32.7205011844635,39.150309562683105
3,mp-gan,0,4,2,1450,957,0.66,32.7205011844635,39.150309562683105
3,mp-gan,0,4,3,500,218,0.436,32.7205011844635,39.150309562683105
3,mp-gan,0,4,4,550,550,1.0,32.7205011844635,39.150309562683105
3,mp-gan,0,5,1,100,5,0.05,30.20622706413269,39.11440420150757
3,mp-gan,0,5,2,1450,1153,0.7951724137931034,30.20622706413269,39.11440420150757
3,mp-gan,0,5,3,500,95,0.19,30.20622706413269,39.11440420150757
3,mp-gan,0,5,4,550,545,0.990909090909091,30.20622706413269,39.11440420150757
3,mp-gan,0,5,5,350,348,0.9942857142857143,30.20622706413269,39.11440420150757
3,mp-wgan,0,1,1,100,99,0.99,30.542438507080078,69.33510041236877
3,mp-wgan,0,2,1,100,93,0.93,29.986812829971313,69.34855532646179
3,mp-wgan,0,2,2,1450,1450,1.0,29.986812829971313,69.34855532646179
3,mp-wgan,0,3,1,100,4,0.04,40.026703119277954,69.39343547821045
3,mp-wgan,0,3,2,1450,1363,0.94,40.026703119277954,69.39343547821045
3,mp-wgan,0,3,3,500,492,0.984,40.026703119277954,69.39343547821045
3,mp-wgan,0,4,1,100,8,0.08,30.357802867889404,69.15906310081482
3,mp-wgan,0,4,2,1450,828,0.5710344827586207,30.357802867889404,69.15906310081482
3,mp-wgan,0,4,3,500,72,0.144,30.357802867889404,69.15906310081482
3,mp-wgan,0,4,4,550,550,1.0,30.357802867889404,69.15906310081482
3,mp-wgan,0,5,1,100,40,0.4,30.258086681365967,69.05833315849304
3,mp-wgan,0,5,2,1450,1386,0.9558620689655173,30.258086681365967,69.05833315849304
3,mp-wgan,0,5,3,500,0,0.0,30.258086681365967,69.05833315849304
3,mp-wgan,0,5,4,550,531,0.9654545454545455,30.258086681365967,69.05833315849304
3,mp-wgan,0,5,5,350,349,0.9971428571428571,30.258086681365967,69.05833315849304
3,sg-cgan,0,1,1,100,99,0.99,27.662028789520264,129.38301944732666
3,sg-cgan,0,2,1,100,88,0.88,32.977813720703125,254.23814725875854
3,sg-cgan,0,2,2,1450,1450,1.0,32.977813720703125,254.23814725875854
3,sg-cgan,0,3,1,100,5,0.05,32.27768659591675,253.4861569404602
3,sg-cgan,0,3,2,1450,1063,0.733103448275862,32.27768659591675,253.4861569404602
3,sg-cgan,0,3,3,500,493,0.986,32.27768659591675,253.4861569404602
3,sg-cgan,0,4,1,100,1,0.01,30.950230836868286,255.30628967285156
3,sg-cgan,0,4,2,1450,844,0.5820689655172414,30.950230836868286,255.30628967285156
3,sg-cgan,0,4,3,500,206,0.412,30.950230836868286,255.30628967285156
3,sg-cgan,0,4,4,550,550,1.0,30.950230836868286,255.30628967285156
3,sg-cgan,0,5,1,100,6,0.06,32.30461597442627,255.035014629364
3,sg-cgan,0,5,2,1450,1050,0.7241379310344828,32.30461597442627,255.035014629364
3,sg-cgan,0,5,3,500,27,0.054,32.30461597442627,255.035014629364
3,sg-cgan,0,5,4,550,542,0.9854545454545455,32.30461597442627,255.035014629364
3,sg-cgan,0,5,5,350,349,0.9971428571428571,32.30461597442627,255.035014629364
3,sg-cwgan,0,1,1,100,100,1.0,27.049667358398438,193.01386523246765
3,sg-cwgan,0,2,1,100,89,0.89,31.797955751419067,380.52045702934265
3,sg-cwgan,0,2,2,1450,1450,1.0,31.797955751419067,380.52045702934265
3,sg-cwgan,0,3,1,100,5,0.05,30.09751558303833,379.6866862773895
3,sg-cwgan,0,3,2,1450,1221,0.8420689655172414,30.09751558303833,379.6866862773895
3,sg-cwgan,0,3,3,500,493,0.986,30.09751558303833,379.6866862773895
3,sg-cwgan,0,4,1,100,6,0.06,34.31224727630615,380.75582790374756
3,sg-cwgan,0,4,2,1450,833,0.5744827586206896,34.31224727630615,380.75582790374756
3,sg-cwgan,0,4,3,500,434,0.868,34.31224727630615,380.75582790374756
3,sg-cwgan,0,4,4,550,550,1.0,34.31224727630615,380.75582790374756
3,sg-cwgan,0,5,1,100,17,0.17,31.60548496246338,380.83760833740234
3,sg-cwgan,0,5,2,1450,823,0.5675862068965517,31.60548496246338,380.83760833740234
3,sg-cwgan,0,5,3,500,86,0.172,31.60548496246338,380.83760833740234
3,sg-cwgan,0,5,4,550,548,0.9963636363636363,31.60548496246338,380.83760833740234
3,sg-cwgan,0,5,5,350,348,0.9942857142857143,31.60548496246338,380.83760833740234
3,lwf,0,1,1,100,100,1.0,7.688440561294556,0.0
3,lwf,0,2,1,100,99,0.99,7.78119158744812,0.0
3,lwf,0,2,2,1450,1450,1.0,7.78119158744812,0.0
3,lwf,0,3,1,100,1,0.01,7.808124542236328,0.0
3,lwf,0,3,2,1450,1441,0.9937931034482759,7.808124542236328,0.0
3,lwf,0,3,3,500,477,0.954,7.808124542236328,0.0
3,lwf,0,4,1,100,0,0.0,8.26090955734253,0.0
3,lwf,0,4,2,1450,891,0.6144827586206897,8.26090955734253,0.0
3,lwf,0,4,3,500,463,0.926,8.26090955734253,0.0
3,lwf,0,4,4,550,550,1.0,8.26090955734253,0.0
3,lwf,0,5,1,100,0,0.0,8.065428972244263,0.0
3,lwf,0,5,2,1450,856,0.5903448275862069,8.065428972244263,0.0
3,lwf,0,5,3,500,105,0.21,8.065428972244263,0.0
3,lwf,0,5,4,550,404,0.7345454545454545,8.065428972244263,0.0
3,lwf,0,5,5,350,348,0.9942857142857143,8.065428972244263,0.0
3,ewc,0,1,1,100,99,0.99,26.90106439590454,0.0
3,ewc,0,2,1,100,0,0.0,26.39641308784485,0.0
3,ewc,0,2,2,1450,1450,1.0,26.39641308784485,0.0
3,ewc,0,3,1,100,0,0.0,26.53803515434265,0.0
3,ewc,0,3,2,1450,0,0.0,26.53803515434265,0.0
3,ewc,0,3,3,500,492,0.984,26.53803515434265,0.0
3,ewc,0,4,1,100,0,0.0,28.18363356590271,0.0
3,ewc,0,4,2,1450,0,0.0,28.18363356590271,0.0
3,ewc,0,4,3,500,0,0.0,28.18363356590271,0.0
3,ewc,0,4,4,550,550,1.0,28.18363356590271,0.0
3,ewc,0,5,1,100,0,0.0,27.05664825439453,0.0
3,ewc,0,5,2,1450,0,0.0,27.05664825439453,0.0
3,ewc,0,5,3,500,0,0.0,27.05664825439453,0.0
3,ewc,0,5,4,550,0,0.0,27.05664825439453,0.0
3,ewc,0,5,5,350,348,0.9942857142857143,27.05664825439453,0.0
4,offline,0,None,1,300,188,0.6266666666666667,None,None
4,offline,0,None,2,1150,1131,0.9834782608695652,None,None
4,offline,0,None,3,300,294,0.98,None,None
4,offline,0,None,4,1100,1091,0.9918181818181818,None,None
4,offline,0,None,5,100,45,0.45,None,None
4,none,0,1,1,300,294,0.98,26.988829851150513,0.0
4,none,0,2,1,300,0,0.0,26.80232882499695,0.0
4,none,0,2,2,1150,1149,0.9991304347826087,26.80232882499695,0.0
4,none,0,3,1,300,0,0.0,27.030715942382812,0.0
4,none,0,3,2,1150,237,0.20608695652173914,27.030715942382812,0.0
4,none,0,3,3,300,298,0.9933333333333333,27.030715942382812,0.0
4,none,0,4,1,300,0,0.0,27.00478720664978,0.0
4,none,0,4,2,1150,0,0.0,27.00478720664978,0.0
4,none,0,4,3,300,242,0.8066666666666666,27.00478720664978,0.0
4,none,0,4,4,1100,1094,0.9945454545454545,27.00478720664978,0.0
4,none,0,5,1,300,0,0.0,27.45458459854126,0.0
4,none,0,5,2,1150,0,0.0,27.45458459854126,0.0
4,none,0,5,3,300,0,0.0,27.45458459854126,0.0
4,none,0,5,4,1100,0,0.0,27.45458459854126,0.0
4,none,0,5,5,100,100,1.0,27.45458459854126,0.0
4,exact,0,1,1,300,294,0.98,27.128455638885498,0.0
4,exact,0,2,1,300,282,0.94,30.078567028045654,0.0
4,exact,0,2,2,1150,1079,0.9382608695652174,30.078567028045654,0.0
4,exact,0,3,1,300,270,0.9,30.249110221862793,0.0
4,exact,0,3,2,1150,1118,0.9721739130434782,30.249110221862793,0.0
4,exact,0,3,3,300,295,0.9833333333333333,30.249110221862793,0.0
4,exact,0,4,1,300,267,0.89,30.090535879135132,0.0
4,exact,0,4,2,1150,1132,0.9843478260869565,30.090535879135132,0.0
4,exact,0,4,3,300,295,0.9833333333333333,30.090535879135132,0.0
4,exact,0,4,4,1100,1092,0.9927272727272727,30.090535879135132,0.0
4,exact,0,5,1,300,80,0.26666666666666666,31.827889919281006,0.0
4,exact,0,5,2,1150,1121,0.9747826086956521,31.827889919281006,0.0
4,exact,0,5,3,300,296,0.9866666666666667,31.827889919281006,0.0
4,exact,0,5,4,1100,1093,0.9936363636363637,31.827889919281006,0.0
4,exact,0,5,5,100,96,0.96,31.827889919281006,0.0
4,mp-gan,0,1,1,300,295,0.9833333333333333,26.78038716316223,39.237077951431274
4,mp-gan,0,2,1,300,74,0.24666666666666667,29.865137338638306,39.333818435668945
4,mp-gan,0,2,2,1150,1149,0.9991304347826087,29.865137338638306,39.333818435668945
4,mp-gan,0,3,1,300,172,0.5733333333333334,30.58720827102661,39.244057178497314
4,mp-gan,0,3,2,1150,980,0.8521739130434782,30.58720827102661,39.244057178497314
4,mp-gan,0,3,3,300,295,0.9833333333333333,30.58720827102661,39.244057178497314
4,mp-gan,0,4,1,300,146,0.4866666666666667,30.234151124954224,39.13534879684448
4,mp-gan,0,4,2,1150,980,0.8521739130434782,30.234151124954224,39.13534879684448
4,mp-gan,0,4,3,300,284,0.9466666666666667,30.234151124954224,39.13534879684448
4,mp-gan,0,4,4,1100,1093,0.9936363636363637,30.234151124954224,39.13534879684448
4,mp-gan,0,5,1,300,44,0.14666666666666667,30.219191789627075,39.2251079082489
4,mp-gan,0,5,2,1150,901,0.7834782608695652,30.219191789627075,39.2251079082489
4,mp-gan,0,5,3,300,247,0.8233333333333334,30.219191789627075,39.2251079082489
4,mp-gan,0,5,4,1100,433,0.3936363636363636,30.219191789627075,39.2251079082489
4,mp-gan,0,5,5,100,100,1.0,30.219191789627075,39.2251079082489
4,mp-wgan,0,1,1,300,294,0.98,26.886103868484497,68.79304242134094
4,mp-wgan,0,2,1,300,22,0.07333333333333333,31.412002325057983,69.14609694480896
4,mp-wgan,0,2,2,1150,1149,0.9991304347826087,31.412002325057983,69.14609694480896
4,mp-wgan,0,3,1,300,174,0.58,30.56127643585205,68.54470610618591
4,mp-wgan,0,3,2,1150,940,0.8173913043478261,30.56127643585205,68.54470610618591
4,mp-wgan,0,3,3,300,296,0.9866666666666667,30.56127643585205,68.54470610618591
4,mp-wgan,0,4,1,300,212,0.7066666666666667,29.981824159622192,70.47953200340271
4,mp-wgan,0,4,2,1150,910,0.7913043478260869,29.981824159622192,70.47953200340271
4,mp-wgan,0,4,3,300,273,0.91,29.981824159622192,70.47953200340271
4,mp-wgan,0,4,4,1100,1093,0.9936363636363637,29.981824159622192,70.47953200340271
4,mp-wgan,0,5,1,300,39,0.13,29.638744115829468,70.64409065246582
4,mp-wgan,0,5,2,1150,842,0.7321739130434782,29.638744115829468,70.64409065246582
4,mp-wgan,0,5,3,300,240,0.8,29.638744115829468,70.64409065246582
4,mp-wgan,0,5,4,1100,721,0.6554545454545454,29.638744115829468,70.64409065246582
4,mp-wgan,0,5,5,100,100,1.0,29.638744115829468,70.64409065246582
4,sg-cgan,0,1,1,300,295,0.9833333333333333,27.412696838378906,129.88667225837708
4,sg-cgan,0,2,1,300,25,0.08333333333333333,34.064908504486084,264.72909212112427
4,sg-cgan,0,2,2,1150,1150,1.0,34.064908504486084,264.72909212112427
4,sg-cgan,0,3,1,300,181,0.6033333333333334,30.171319723129272,255.9974422454834
4,sg-cgan,0,3,2,1150,833,0.7243478260869565,30.171319723129272,255.9974422454834
4,sg-cgan,0,3,3,300,296,0.9866666666666667,30.171319723129272,255.9974422454834
4,sg-cgan,0,4,1,300,76,0.25333333333333335,31.798967361450195,255.2095491886139
4,sg-cgan,0,4,2,1150,830,0.7217391304347827,31.798967361450195,255.2095491886139
4,sg-cgan,0,4,3,300,291,0.97,31.798967361450195,255.2095491886139
4,sg-cgan,0,4,4,1100,1093,0.9936363636363637,31.798967361450195,255.2095491886139
4,sg-cgan,0,5,1,300,44,0.14666666666666667,33.516374826431274,253.99080777168274
4,sg-cgan,0,5,2,1150,833,0.7243478260869565,33.516374826431274,253.99080777168274
4,sg-cgan,0,5,3,300,242,0.8066666666666666,33.516374826431274,253.99080777168274
4,sg-cgan,0,5,4,1100,567,0.5154545454545455,33.516374826431274,253.99080777168274
4,sg-cgan,0,5,5,100,100,1.0,33.516374826431274,253.99080777168274
4,sg-cwgan,0,1,1,300,295,0.9833333333333333,27.229186534881592,192.71267080307007
4,sg-cwgan,0,2,1,300,34,0.11333333333333333,29.57890272140503,382.80933713912964
4,sg-cwgan,0,2,2,1150,1149,0.9991304347826087,29.57890272140503,382.80933713912964
4,sg-cwgan,0,3,1,300,150,0.5,31.39105749130249,383.8276135921478
4,sg-cwgan,0,3,2,1150,913,0.7939130434782609,31.39105749130249,383.8276135921478
4,sg-cwgan,0,3,3,300,296,0.9866666666666667,31.39105749130249,383.8276135921478
4,sg-cwgan,0,4,1,300,53,0.17666666666666667,33.35480451583862,382.1500985622406
4,sg-cwgan,0,4,2,1150,912,0.7930434782608695,33.35480451583862,382.1500985622406
4,sg-cwgan,0,4,3,300,280,0.9333333333333333,33.35480451583862,382.1500985622406
4,sg-cwgan,0,4,4,1100,1093,0.9936363636363637,33.35480451583862,382.1500985622406
4,sg-cwgan,0,5,1,300,46,0.15333333333333332,30.67796540260315,380.4616138935089
4,sg-cwgan,0,5,2,1150,810,0.7043478260869566,30.67796540260315,380.4616138935089
4,sg-cwgan,0,5,3,300,2,0.006666666666666667,30.67796540260315,380.4616138935089
4,sg-cwgan,0,5,4,1100,546,0.49636363636363634,30.67796540260315,380.4616138935089
4,sg-cwgan,0,5,5,100,100,1.0,30.67796540260315,380.4616138935089
4,lwf,0,1,1,300,294,0.98,7.855992794036865,0.0
4,lwf,0,2,1,300,120,0.4,8.35864782333374,0.0
4,lwf,0,2,2,1150,1149,0.9991304347826087,8.35864782333374,0.0
4,lwf,0,3,1,300,0,0.0,8.066430807113647,0.0
4,lwf,0,3,2,1150,1113,0.9678260869565217,8.066430807113647,0.0
4,lwf,0,3,3,300,296,0.9866666666666667,8.066430807113647,0.0
4,lwf,0,4,1,300,0,0.0,8.17714524269104,0.0
4,lwf,0,4,2,1150,1101,0.957391304347826,8.17714524269104,0.0
4,lwf,0,4,3,300,295,0.9833333333333333,8.17714524269104,0.0
4,lwf,0,4,4,1100,1090,0.990909090909091,8.17714524269104,0.0
4,lwf,0,5,1,300,0,0.0,7.990631341934204,0.0
4,lwf,0,5,2,1150,262,0.22782608695652173,7.990631341934204,0.0
4,lwf,0,5,3,300,33,0.11,7.990631341934204,0.0
4,lwf,0,5,4,1100,550,0.5,7.990631341934204,0.0
4,lwf,0,5,5,100,100,1.0,7.990631341934204,0.0
4,ewc,0,1,1,300,294,0.98,27.25212574005127,0.0
4,ewc,0,2,1,300,0,0.0,26.915027141571045,0.0
4,ewc,0,2,2,1150,1149,0.9991304347826087,26.915027141571045,0.0
4,ewc,0,3,1,300,0,0.0,27.480515241622925,0.0
4,ewc,0,3,2,1150,237,0.20608695652173914,27.480515241622925,0.0
4,ewc,0,3,3,300,298,0.9933333333333333,27.480515241622925,0.0
4,ewc,0,4,1,300,0,0.0,27.567283391952515,0.0
4,ewc,0,4,2,1150,0,0.0,27.567283391952515,0.0
4,ewc,0,4,3,300,242,0.8066666666666666,27.567283391952515,0.0
4,ewc,0,4,4,1100,1094,0.9945454545454545,27.567283391952515,0.0
4,ewc,0,5,1,300,0,0.0,28.159697771072388,0.0
4,ewc,0,5,2,1150,0,0.0,28.159697771072388,0.0
4,ewc,0,5,3,300,0,0.0,28.159697771072388,0.0
4,ewc,0,5,4,1100,0,0.0,28.159697771072388,0.0
4,ewc,0,5,5,100,100,1.0,28.159697771072388,0.0
5,offline,0,None,1,1150,1108,0.9634782608695652,None,None
5,offline,0,None,2,250,120,0.48,None,None
5,offline,0,None,3,300,296,0.9866666666666667,None,None
5,offline,0,None,4,650,597,0.9184615384615384,None,None
5,offline,0,None,5,650,622,0.9569230769230769,None,None
5,none,0,1,1,1150,1150,1.0,26.812300205230713,0.0
5,none,0,2,1,1150,0,0.0,26.7384991645813,0.0
5,none,0,2,2,250,249,0.996,26.7384991645813,0.0
5,none,0,3,1,1150,0,0.0,39.123379945755005,0.0
5,none,0,3,2,250,0,0.0,39.123379945755005,0.0
5,none,0,3,3,300,297,0.99,39.123379945755005,0.0
5,none,0,4,1,1150,0,0.0,27.521406173706055,0.0
5,none,0,4,2,250,0,0.0,27.521406173706055,0.0
5,none,0,4,3,300,0,0.0,27.521406173706055,0.0
5,none,0,4,4,650,650,1.0,27.521406173706055,0.0
5,none,0,5,1,1150,0,0.0,27.444610357284546,0.0
5,none,0,5,2,250,0,0.0,27.444610357284546,0.0
5,none,0,5,3,300,0,0.0,27.444610357284546,0.0
5,none,0,5,4,650,0,0.0,27.444610357284546,0.0
5,none,0,5,5,650,650,1.0,27.444610357284546,0.0
5,exact,0,1,1,1150,1150,1.0,27.704914808273315,0.0
5,exact,0,2,1,1150,1148,0.9982608695652174,29.85616159439087,0.0
5,exact,0,2,2,250,243,0.972,29.85616159439087,0.0
5,exact,0,3,1,1150,1144,0.9947826086956522,29.85516357421875,0.0
5,exact,0,3,2,250,243,0.972,29.85516357421875,0.0
5,exact,0,3,3,300,297,0.99,29.85516357421875,0.0
5,exact,0,4,1,1150,1143,0.9939130434782608,29.59186887741089,0.0
5,exact,0,4,2,250,54,0.216,29.59186887741089,0.0
5,exact,0,4,3,300,295,0.9833333333333333,29.59186887741089,0.0
5,exact,0,4,4,650,641,0.9861538461538462,29.59186887741089,0.0
5,exact,0,5,1,1150,1089,0.9469565217391305,30.686940670013428,0.0
5,exact,0,5,2,250,57,0.228,30.686940670013428,0.0
5,exact,0,5,3,300,296,0.9866666666666667,30.686940670013428,0.0
5,exact,0,5,4,650,630,0.9692307692307692,30.686940670013428,0.0
5,exact,0,5,5,650,632,0.9723076923076923,30.686940670013428,0.0
5,mp-gan,0,1,1,1150,1150,1.0,26.884110689163208,39.873374223709106
5,mp-gan,0,2,1,1150,902,0.7843478260869565,29.860151052474976,39.10542869567871
5,mp-gan,0,2,2,250,246,0.984,29.860151052474976,39.10542869567871
5,mp-gan,0,3,1,1150,878,0.7634782608695653,30.314934968948364,39.0864794254303
5,mp-gan,0,3,2,250,168,0.672,30.314934968948364,39.0864794254303
5,mp-gan,0,3,3,300,297,0.99,30.314934968948364,39.0864794254303
5,mp-gan,0,4,1,1150,800,0.6956521739130435,30.26905584335327,39.11041498184204
5,mp-gan,0,4,2,250,8,0.032,30.26905584335327,39.11041498184204
5,mp-gan,0,4,3,300,265,0.8833333333333333,30.26905584335327,39.11041498184204
5,mp-gan,0,4,4,650,650,1.0,30.26905584335327,39.11041498184204
5,mp-gan,0,5,1,1150,813,0.7069565217391305,30.350840091705322,39.00669240951538
5,mp-gan,0,5,2,250,32,0.128,30.350840091705322,39.00669240951538
5,mp-gan,0,5,3,300,267,0.89,30.350840091705322,39.00669240951538
5,mp-gan,0,5,4,650,469,0.7215384615384616,30.350840091705322,39.00669240951538
5,mp-gan,0,5,5,650,650,1.0,30.350840091705322,39.00669240951538
5,mp-wgan,0,1,1,1150,1150,1.0,28.295336961746216,68.94463634490967
5,mp-wgan,0,2,1,1150,889,0.7730434782608696,29.665672779083252,69.52807545661926
5,mp-wgan,0,2,2,250,249,0.996,29.665672779083252,69.52807545661926
5,mp-wgan,0,3,1,1150,969,0.8426086956521739,29.614808082580566,69.64476370811462
5,mp-wgan,0,3,2,250,83,0.332,29.614808082580566,69.64476370811462
5,mp-wgan,0,3,3,300,296,0.9866666666666667,29.614808082580566,69.64476370811462
5,mp-wgan,0,4,1,1150,882,0.7669565217391304,30.421650171279907,70.1424331665039
5,mp-wgan,0,4,2,250,8,0.032,30.421650171279907,70.1424331665039
5,mp-wgan,0,4,3,300,281,0.9366666666666666,30.421650171279907,70.1424331665039
5,mp-wgan,0,4,4,650,650,1.0,30.421650171279907,70.1424331665039
5,mp-wgan,0,5,1,1150,836,0.7269565217391304,30.429628133773804,69.57594799995422
5,mp-wgan,0,5,2,250,0,0.0,30.429628133773804,69.57594799995422
5,mp-wgan,0,5,3,300,274,0.9133333333333333,30.429628133773804,69.57594799995422
5,mp-wgan,0,5,4,650,460,0.7076923076923077,30.429628133773804,69.57594799995422
5,mp-wgan,0,5,5,650,650,1.0,30.429628133773804,69.57594799995422
5,sg-cgan,0,1,1,1150,1150,1.0,26.683645486831665,129.43587803840637
5,sg-cgan,0,2,1,1150,1009,0.8773913043478261,29.398386001586914,256.17596459388733
5,sg-cgan,0,2,2,250,246,0.984,29.398386001586914,256.17596459388733
5,sg-cgan,0,3,1,1150,954,0.8295652173913044,32.40833067893982,256.0752332210541
5,sg-cgan,0,3,2,250,127,0.508,32.40833067893982,256.0752332210541
5,sg-cgan,0,3,3,300,297,0.99,32.40833067893982,256.0752332210541
5,sg-cgan,0,4,1,1150,923,0.802608695652174,30.093528270721436,255.43195390701294
5,sg-cgan,0,4,2,250,11,0.044,30.093528270721436,255.43195390701294
5,sg-cgan,0,4,3,300,288,0.96,30.093528270721436,255.43195390701294
5,sg-cgan,0,4,4,650,650,1.0,30.093528270721436,255.43195390701294
5,sg-cgan,0,5,1,1150,829,0.7208695652173913,30.571248054504395,253.73548984527588
5,sg-cgan,0,5,2,250,2,0.008,30.571248054504395,253.73548984527588
5,sg-cgan,0,5,3,300,17,0.056666666666666664,30.571248054504395,253.73548984527588
5,sg-cgan,0,5,4,650,539,0.8292307692307692,30.571248054504395,253.73548984527588
5,sg-cgan,0,5,5,650,650,1.0,30.571248054504395,253.73548984527588
5,sg-cwgan,0,1,1,1150,1150,1.0,29.353280544281006,194.12389707565308
5,sg-cwgan,0,2,1,1150,1003,0.8721739130434782,30.665000200271606,381.9376664161682
5,sg-cwgan,0,2,2,250,248,0.992,30.665000200271606,381.9376664161682
5,sg-cwgan,0,3,1,1150,1051,0.9139130434782609,29.464208602905273,382.83825874328613
5,sg-cwgan,0,3,2,250,202,0.808,29.464208602905273,382.83825874328613
5,sg-cwgan,0,3,3,300,297,0.99,29.464208602905273,382.83825874328613
5,sg-cwgan,0,4,1,1150,931,0.8095652173913044,30.46054434776306,406.7971911430359
5,sg-cwgan,0,4,2,250,0,0.0,30.46054434776306,406.7971911430359
5,sg-cwgan,0,4,3,300,294,0.98,30.46054434776306,406.7971911430359
5,sg-cwgan,0,4,4,650,650,1.0,30.46054434776306,406.7971911430359
5,sg-cwgan,0,5,1,1150,795,0.691304347826087,30.857484817504883,406.17790937423706
5,sg-cwgan,0,5,2,250,0,0.0,30.857484817504883,406.17790937423706
5,sg-cwgan,0,5,3,300,279,0.93,30.857484817504883,406.17790937423706
5,sg-cwgan,0,5,4,650,594,0.9138461538461539,30.857484817504883,406.17790937423706
5,sg-cwgan,0,5,5,650,650,1.0,30.857484817504883,406.17790937423706
5,lwf,0,1,1,1150,1150,1.0,7.944805145263672,0.0
5,lwf,0,2,1,1150,116,0.10086956521739131,7.570754766464233,0.0
5,lwf,0,2,2,250,249,0.996,7.570754766464233,0.0
5,lwf,0,3,1,1150,883,0.7678260869565218,8.230989456176758,0.0
5,lwf,0,3,2,250,217,0.868,8.230989456176758,0.0
5,lwf,0,3,3,300,297,0.99,8.230989456176758,0.0
5,lwf,0,4,1,1150,884,0.768695652173913,8.156189680099487,0.0
5,lwf,0,4,2,250,0,0.0,8.156189680099487,0.0
5,lwf,0,4,3,300,268,0.8933333333333333,8.156189680099487,0.0
5,lwf,0,4,4,650,650,1.0,8.156189680099487,0.0
5,lwf,0,5,1,1150,777,0.6756521739130434,8.087372779846191,0.0
5,lwf,0,5,2,250,0,0.0,8.087372779846191,0.0
5,lwf,0,5,3,300,273,0.91,8.087372779846191,0.0
5,lwf,0,5,4,650,35,0.05384615384615385,8.087372779846191,0.0
5,lwf,0,5,5,650,650,1.0,8.087372779846191,0.0
5,ewc,0,1,1,1150,1150,1.0,27.014758825302124,0.0
5,ewc,0,2,1,1150,0,0.0,27.79367709159851,0.0
5,ewc,0,2,2,250,249,0.996,27.79367709159851,0.0
5,ewc,0,3,1,1150,0,0.0,27.651058197021484,0.0
5,ewc,0,3,2,250,0,0.0,27.651058197021484,0.0
5,ewc,0,3,3,300,297,0.99,27.651058197021484,0.0
5,ewc,0,4,1,1150,0,0.0,27.223203420639038,0.0
5,ewc,0,4,2,250,0,0.0,27.223203420639038,0.0
5,ewc,0,4,3,300,0,0.0,27.223203420639038,0.0
5,ewc,0,4,4,650,650,1.0,27.223203420639038,0.0
5,ewc,0,5,1,1150,0,0.0,27.317948579788208,0.0
5,ewc,0,5,2,250,0,0.0,27.317948579788208,0.0
5,ewc,0,5,3,300,0,0.0,27.317948579788208,0.0
5,ewc,0,5,4,650,0,0.0,27.317948579788208,0.0
5,ewc,0,5,5,650,650,1.0,27.317948579788208,0.0
6,offline,0,None,1,800,698,0.8725,None,None
6,offline,0,None,2,850,837,0.9847058823529412,None,None
6,offline,0,None,3,100,67,0.67,None,None
6,offline,0,None,4,1000,934,0.934,None,None
6,offline,0,None,5,300,292,0.9733333333333334,None,None
6,none,0,1,1,800,800,1.0,26.94095730781555,0.0
6,none,0,2,1,800,0,0.0,27.55830717086792,0.0
6,none,0,2,2,850,850,1.0,27.55830717086792,0.0
6,none,0,3,1,800,0,0.0,27.116488456726074,0.0
6,none,0,3,2,850,0,0.0,27.116488456726074,0.0
6,none,0,3,3,100,100,1.0,27.116488456726074,0.0
6,none,0,4,1,800,0,0.0,27.224201440811157,0.0
6,none,0,4,2,850,0,0.0,27.224201440811157,0.0
6,none,0,4,3,100,7,0.07,27.224201440811157,0.0
6,none,0,4,4,1000,1000,1.0,27.224201440811157,0.0
6,none,0,5,1,800,0,0.0,27.947267293930054,0.0
6,none,0,5,2,850,0,0.0,27.947267293930054,0.0
6,none,0,5,3,100,0,0.0,27.947267293930054,0.0
6,none,0,5,4,1000,0,0.0,27.947267293930054,0.0
6,none,0,5,5,300,298,0.9933333333333333,27.947267293930054,0.0
6,exact,0,1,1,800,800,1.0,26.968883752822876,0.0
6,exact,0,2,1,800,790,0.9875,29.61979389190674,0.0
6,exact,0,2,2,850,846,0.9952941176470588,29.61979389190674,0.0
6,exact,0,3,1,800,787,0.98375,29.723517179489136,0.0
6,exact,0,3,2,850,830,0.9764705882352941,29.723517179489136,0.0
6,exact,0,3,3,100,76,0.76,29.723517179489136,0.0
6,exact,0,4,1,800,573,0.71625,29.809287071228027,0.0
6,exact,0,4,2,850,833,0.98,29.809287071228027,0.0
6,exact,0,4,3,100,72,0.72,29.809287071228027,0.0
6,exact,0,4,4,1000,999,0.999,29.809287071228027,0.0
6,exact,0,5,1,800,768,0.96,30.275042295455933,0.0
6,exact,0,5,2,850,745,0.8764705882352941,30.275042295455933,0.0
6,exact,0,5,3,100,86,0.86,30.275042295455933,0.0
6,exact,0,5,4,1000,899,0.899,30.275042295455933,0.0
6,exact,0,5,5,300,295,0.9833333333333333,30.275042295455933,0.0
6,mp-gan,0,1,1,800,800,1.0,27.711896181106567,39.09246301651001
6,mp-gan,0,2,1,800,695,0.86875,29.511085271835327,39.113407373428345
6,mp-gan,0,2,2,850,849,0.9988235294117647,29.511085271835327,39.113407373428345
6,mp-gan,0,3,1,800,109,0.13625,30.229163885116577,39.20615911483765
6,mp-gan,0,3,2,850,572,0.6729411764705883,30.229163885116577,39.20615911483765
6,mp-gan,0,3,3,100,100,1.0,30.229163885116577,39.20615911483765
6,mp-gan,0,4,1,800,115,0.14375,30.491463661193848,39.297914028167725
6,mp-gan,0,4,2,850,464,0.5458823529411765,30.491463661193848,39.297914028167725
6,mp-gan,0,4,3,100,62,0.62,30.491463661193848,39.297914028167725
6,mp-gan,0,4,4,1000,999,0.999,30.491463661193848,39.297914028167725
6,mp-gan,0,5,1,800,163,0.20375,34.51669955253601,39.01666617393494
6,mp-gan,0,5,2,850,379,0.44588235294117645,34.51669955253601,39.01666617393494
6,mp-gan,0,5,3,100,56,0.56,34.51669955253601,39.01666617393494
6,mp-gan,0,5,4,1000,922,0.922,34.51669955253601,39.01666617393494
6,mp-gan,0,5,5,300,296,0.9866666666666667,34.51669955253601,39.01666617393494
6,mp-wgan,0,1,1,800,800,1.0,27.235170602798462,69.50314283370972
6,mp-wgan,0,2,1,800,512,0.64,31.41100573539734,69.80433750152588
6,mp-wgan,0,2,2,850,850,1.0,31.41100573539734,69.80433750152588
6,mp-wgan,0,3,1,800,67,0.08375,29.337549209594727,69.6796703338623
6,mp-wgan,0,3,2,850,561,0.66,29.337549209594727,69.6796703338623
6,mp-wgan,0,3,3,100,100,1.0,29.337549209594727,69.6796703338623
6,mp-wgan,0,4,1,800,196,0.245,30.33089256286621,69.9100546836853
6,mp-wgan,0,4,2,850,604,0.7105882352941176,30.33089256286621,69.9100546836853
6,mp-wgan,0,4,3,100,60,0.6,30.33089256286621,69.9100546836853
6,mp-wgan,0,4,4,1000,1000,1.0,30.33089256286621,69.9100546836853
6,mp-wgan,0,5,1,800,212,0.265,30.74179458618164,70.497483253479
6,mp-wgan,0,5,2,850,393,0.4623529411764706,30.74179458618164,70.497483253479
6,mp-wgan,0,5,3,100,50,0.5,30.74179458618164,70.497483253479
6,mp-wgan,0,5,4,1000,933,0.933,30.74179458618164,70.497483253479
6,mp-wgan,0,5,5,300,296,0.9866666666666667,30.74179458618164,70.497483253479
6,sg-cgan,0,1,1,800,800,1.0,28.590546131134033,129.7161271572113
6,sg-cgan,0,2,1,800,593,0.74125,31.02304172515869,257.455358505249
6,sg-cgan,0,2,2,850,849,0.9988235294117647,31.02304172515869,257.455358505249
6,sg-cgan,0,3,1,800,39,0.04875,32.07422089576721,254.0077624320984
6,sg-cgan,0,3,2,850,590,0.6941176470588235,32.07422089576721,254.0077624320984
6,sg-cgan,0,3,3,100,100,1.0,32.07422089576721,254.0077624320984
6,sg-cgan,0,4,1,800,550,0.6875,31.046977281570435,255.38867831230164
6,sg-cgan,0,4,2,850,410,0.4823529411764706,31.046977281570435,255.38867831230164
6,sg-cgan,0,4,3,100,63,0.63,31.046977281570435,255.38867831230164
6,sg-cgan,0,4,4,1000,1000,1.0,31.046977281570435,255.38867831230164
6,sg-cgan,0,5,1,800,255,0.31875,30.581223249435425,254.0616192817688
6,sg-cgan,0,5,2,850,191,0.22470588235294117,30.581223249435425,254.0616192817688
6,sg-cgan,0,5,3,100,0,0.0,30.581223249435425,254.0616192817688
6,sg-cgan,0,5,4,1000,890,0.89,30.581223249435425,254.0616192817688
6,sg-cgan,0,5,5,300,297,0.99,30.581223249435425,254.0616192817688
6,sg-cwgan,0,1,1,800,800,1.0,27.093549966812134,193.0028932094574
6,sg-cwgan,0,2,1,800,454,0.5675,30.229164838790894,382.8741629123688
6,sg-cwgan,0,2,2,850,849,0.9988235294117647,30.229164838790894,382.8741629123688
6,sg-cwgan,0,3,1,800,78,0.0975,29.46719527244568,383.09941005706787
6,sg-cwgan,0,3,2,850,567,0.6670588235294118,29.46719527244568,383.09941005706787
6,sg-cwgan,0,3,3,100,100,1.0,29.46719527244568,383.09941005706787
6,sg-cwgan,0,4,1,800,0,0.0,30.202237606048584,381.06300592422485
6,sg-cwgan,0,4,2,850,563,0.6623529411764706,30.202237606048584,381.06300592422485
6,sg-cwgan,0,4,3,100,14,0.14,30.202237606048584,381.06300592422485
6,sg-cwgan,0,4,4,1000,1000,1.0,30.202237606048584,381.06300592422485
6,sg-cwgan,0,5,1,800,0,0.0,30.286012172698975,380.8296296596527
6,sg-cwgan,0,5,2,850,0,0.0,30.286012172698975,380.8296296596527
6,sg-cwgan,0,5,3,100,0,0.0,30.286012172698975,380.8296296596527
6,sg-cwgan,0,5,4,1000,940,0.94,30.286012172698975,380.8296296596527
6,sg-cwgan,0,5,5,300,298,0.9933333333333333,30.286012172698975,380.8296296596527
6,lwf,0,1,1,800,800,1.0,7.6266069412231445,0.0
6,lwf,0,2,1,800,550,0.6875,7.887906789779663,0.0
6,lwf,0,2,2,850,850,1.0,7.887906789779663,0.0
6,lwf,0,3,1,800,0,0.0,8.192092657089233,0.0
6,lwf,0,3,2,850,13,0.015294117647058824,8.192092657089233,0.0
6,lwf,0,3,3,100,100,1.0,8.192092657089233,0.0
6,lwf,0,4,1,800,0,0.0,8.241960763931274,0.0
6,lwf,0,4,2,850,14,0.01647058823529412,8.241960763931274,0.0
6,lwf,0,4,3,100,30,0.3,8.241960763931274,0.0
6,lwf,0,4,4,1000,1000,1.0,8.241960763931274,0.0
6,lwf,0,5,1,800,0,0.0,8.676796674728394,0.0
6,lwf,0,5,2,850,0,0.0,8.676796674728394,0.0
6,lwf,0,5,3,100,80,0.8,8.676796674728394,0.0
6,lwf,0,5,4,1000,913,0.913,8.676796674728394,0.0
6,lwf,0,5,5,300,295,0.9833333333333333,8.676796674728394,0.0
6,ewc,0,1,1,800,800,1.0,26.75046682357788,0.0
6,ewc,0,2,1,800,0,0.0,27.22818922996521,0.0
6,ewc,0,2,2,850,850,1.0,27.22818922996521,0.0
6,ewc,0,3,1,800,0,0.0,27.62014150619507,0.0
6,ewc,0,3,2,850,0,0.0,27.62014150619507,0.0
6,ewc,0,3,3,100,100,1.0,27.62014150619507,0.0
6,ewc,0,4,1,800,0,0.0,27.15338921546936,0.0
6,ewc,0,4,2,850,0,0.0,27.15338921546936,0.0
6,ewc,0,4,3,100,7,0.07,27.15338921546936,0.0
6,ewc,0,4,4,1000,1000,1.0,27.15338921546936,0.0
6,ewc,0,5,1,800,0,0.0,27.21422553062439,0.0
6,ewc,0,5,2,850,0,0.0,27.21422553062439,0.0
6,ewc,0,5,3,100,0,0.0,27.21422553062439,0.0
6,ewc,0,5,4,1000,0,0.0,27.21422553062439,0.0
6,ewc,0,5,5,300,298,0.9933333333333333,27.21422553062439,0.0
7,offline,0,None,1,1200,1194,0.995,None,None
7,offline,0,None,2,550,546,0.9927272727272727,None,None
7,offline,0,None,3,300,108,0.36,None,None
7,offline,0,None,4,600,588,0.98,None,None
7,offline,0,None,5,350,296,0.8457142857142858,None,None
7,none,0,1,1,1200,1200,1.0,27.826589107513428,0.0
7,none,0,2,1,1200,0,0.0,27.209239721298218,0.0
7,none,0,2,2,550,550,1.0,27.209239721298218,0.0
7,none,0,3,1,1200,0,0.0,27.352855920791626,0.0
7,none,0,3,2,550,0,0.0,27.352855920791626,0.0
7,none,0,3,3,300,203,0.6766666666666666,27.352855920791626,0.0
7,none,0,4,1,1200,0,0.0,27.43064832687378,0.0
7,none,0,4,2,550,0,0.0,27.43064832687378,0.0
7,none,0,4,3,300,0,0.0,27.43064832687378,0.0
7,none,0,4,4,600,599,0.9983333333333333,27.43064832687378,0.0
7,none,0,5,1,1200,0,0.0,27.310968160629272,0.0
7,none,0,5,2,550,0,0.0,27.310968160629272,0.0
7,none,0,5,3,300,0,0.0,27.310968160629272,0.0
7,none,0,5,4,600,0,0.0,27.310968160629272,0.0
7,none,0,5,5,350,306,0.8742857142857143,27.310968160629272,0.0
7,exact,0,1,1,1200,1200,1.0,27.641086101531982,0.0
7,exact,0,2,1,1200,1196,0.9966666666666667,30.21021580696106,0.0
7,exact,0,2,2,550,550,1.0,30.21021580696106,0.0
7,exact,0,3,1,1200,1196,0.9966666666666667,30.082556009292603,0.0
7,exact,0,3,2,550,550,1.0,30.082556009292603,0.0
7,exact,0,3,3,300,142,0.47333333333333333,30.082556009292603,0.0
7,exact,0,4,1,1200,1195,0.9958333333333333,29.96088171005249,0.0
7,exact,0,4,2,550,545,0.990909090909091,29.96088171005249,0.0
7,exact,0,4,3,300,154,0.5133333333333333,29.96088171005249,0.0
7,exact,0,4,4,600,590,0.9833333333333333,29.96088171005249,0.0
7,exact,0,5,1,1200,1195,0.9958333333333333,30.08754324913025,0.0
7,exact,0,5,2,550,544,0.9890909090909091,30.08754324913025,0.0
7,exact,0,5,3,300,189,0.63,30.08754324913025,0.0
7,exact,0,5,4,600,591,0.985,30.08754324913025,0.0
7,exact,0,5,5,350,294,0.84,30.08754324913025,0.0
7,mp-gan,0,1,1,1200,1200,1.0,27.06562304496765,39.13734316825867
7,mp-gan,0,2,1,1200,1152,0.96,29.883090019226074,40.630350828170776
7,mp-gan,0,2,2,550,550,1.0,29.883090019226074,40.630350828170776
7,mp-gan,0,3,1,1200,1141,0.9508333333333333,29.39140510559082,39.29691672325134
7,mp-gan,0,3,2,550,548,0.9963636363636363,29.39140510559082,39.29691672325134
7,mp-gan,0,3,3,300,160,0.5333333333333333,29.39140510559082,39.29691672325134
7,mp-gan,0,4,1,1200,1116,0.93,30.080621004104614,38.998713970184326
7,mp-gan,0,4,2,550,0,0.0,30.080621004104614,38.998713970184326
7,mp-gan,0,4,3,300,109,0.36333333333333334,30.080621004104614,38.998713970184326
7,mp-gan,0,4,4,600,598,0.9966666666666667,30.080621004104614,38.998713970184326
7,mp-gan,0,5,1,1200,1118,0.9316666666666666,30.035682439804077,38.96580171585083
7,mp-gan,0,5,2,550,5,0.00909090909090909,30.035682439804077,38.96580171585083
7,mp-gan,0,5,3,300,56,0.18666666666666668,30.035682439804077,38.96580171585083
7,mp-gan,0,5,4,600,565,0.9416666666666667,30.035682439804077,38.96580171585083
7,mp-gan,0,5,5,350,306,0.8742857142857143,30.035682439804077,38.96580171585083
7,mp-wgan,0,1,1,1200,1200,1.0,28.011096715927124,70.20725989341736
7,mp-wgan,0,2,1,1200,1140,0.95,30.88042426109314,70.26211261749268
7,mp-wgan,0,2,2,550,550,1.0,30.88042426109314,70.26211261749268
7,mp-wgan,0,3,1,1200,1106,0.9216666666666666,29.543996810913086,69.26876974105835
7,mp-wgan,0,3,2,550,547,0.9945454545454545,29.543996810913086,69.26876974105835
7,mp-wgan,0,3,3,300,157,0.5233333333333333,29.543996810913086,69.26876974105835
7,mp-wgan,0,4,1,1200,1084,0.9033333333333333,30.759746313095093,69.69463014602661
7,mp-wgan,0,4,2,550,0,0.0,30.759746313095093,69.69463014602661
7,mp-wgan,0,4,3,300,98,0.32666666666666666,30.759746313095093,69.69463014602661
7,mp-wgan,0,4,4,600,597,0.995,30.759746313095093,69.69463014602661
7,mp-wgan,0,5,1,1200,1081,0.9008333333333334,31.29232168197632,70.93730735778809
7,mp-wgan,0,5,2,550,3,0.005454545454545455,31.29232168197632,70.93730735778809
7,mp-wgan,0,5,3,300,17,0.056666666666666664,31.29232168197632,70.93730735778809
7,mp-wgan,0,5,4,600,203,0.3383333333333333,31.29232168197632,70.93730735778809
7,mp-wgan,0,5,5,350,296,0.8457142857142858,31.29232168197632,70.93730735778809
7,sg-cgan,0,1,1,1200,1200,1.0,27.980178833007812,129.82782912254333
7,sg-cgan,0,2,1,1200,1142,0.9516666666666667,29.521058320999146,253.58888244628906
7,sg-cgan,0,2,2,550,550,1.0,29.521058320999146,253.58888244628906
7,sg-cgan,0,3,1,1200,1128,0.94,33.72980284690857,257.13639664649963
7,sg-cgan,0,3,2,550,549,0.9981818181818182,33.72980284690857,257.13639664649963
7,sg-cgan,0,3,3,300,126,0.42,33.72980284690857,257.13639664649963
7,sg-cgan,0,4,1,1200,1091,0.9091666666666667,29.70057725906372,255.5785629749298
7,sg-cgan,0,4,2,550,1,0.0018181818181818182,29.70057725906372,255.5785629749298
7,sg-cgan,0,4,3,300,38,0.12666666666666668,29.70057725906372,255.5785629749298
7,sg-cgan,0,4,4,600,599,0.9983333333333333,29.70057725906372,255.5785629749298
7,sg-cgan,0,5,1,1200,1089,0.9075,29.82424759864807,254.67497897148132
7,sg-cgan,0,5,2,550,1,0.0018181818181818182,29.82424759864807,254.67497897148132
7,sg-cgan,0,5,3,300,0,0.0,29.82424759864807,254.67497897148132
7,sg-cgan,0,5,4,600,586,0.9766666666666667,29.82424759864807,254.67497897148132
7,sg-cgan,0,5,5,350,299,0.8542857142857143,29.82424759864807,254.67497897148132
7,sg-cwgan,0,1,1,1200,1200,1.0,26.85917592048645,192.1511721611023
7,sg-cwgan,0,2,1,1200,1185,0.9875,31.999431371688843,381.4739067554474
7,sg-cwgan,0,2,2,550,550,1.0,31.999431371688843,381.4739067554474
7,sg-cwgan,0,3,1,1200,900,0.75,29.781362533569336,380.86054706573486
7,sg-cwgan,0,3,2,550,174,0.31636363636363635,29.781362533569336,380.86054706573486
7,sg-cwgan,0,3,3,300,139,0.4633333333333333,29.781362533569336,380.86054706573486
7,sg-cwgan,0,4,1,1200,0,0.0,30.120455026626587,390.627539396286
7,sg-cwgan,0,4,2,550,0,0.0,30.120455026626587,390.627539396286
7,sg-cwgan,0,4,3,300,8,0.02666666666666667,30.120455026626587,390.627539396286
7,sg-cwgan,0,4,4,600,600,1.0,30.120455026626587,390.627539396286
7,sg-cwgan,0,5,1,1200,255,0.2125,33.36078977584839,381.7162606716156
7,sg-cwgan,0,5,2,550,0,0.0,33.36078977584839,381.7162606716156
7,sg-cwgan,0,5,3,300,0,0.0,33.36078977584839,381.7162606716156
7,sg-cwgan,0,5,4,600,477,0.795,33.36078977584839,381.7162606716156
7,sg-cwgan,0,5,5,350,309,0.8828571428571429,33.36078977584839,381.7162606716156
7,lwf,0,1,1,1200,1200,1.0,7.81111216545105,0.0
7,lwf,0,2,1,1200,1,0.0008333333333333334,7.977665901184082,0.0
7,lwf,0,2,2,550,550,1.0,7.977665901184082,0.0
7,lwf,0,3,1,1200,1,0.0008333333333333334,7.947748899459839,0.0
7,lwf,0,3,2,550,550,1.0,7.947748899459839,0.0
7,lwf,0,3,3,300,36,0.12,7.947748899459839,0.0
7,lwf,0,4,1,1200,0,0.0,8.11230754852295,0.0
7,lwf,0,4,2,550,1,0.0018181818181818182,8.11230754852295,0.0
7,lwf,0,4,3,300,0,0.0,8.11230754852295,0.0
7,lwf,0,4,4,600,599,0.9983333333333333,8.11230754852295,0.0
7,lwf,0,5,1,1200,0,0.0,8.19309115409851,0.0
7,lwf,0,5,2,550,0,0.0,8.19309115409851,0.0
7,lwf,0,5,3,300,0,0.0,8.19309115409851,0.0
7,lwf,0,5,4,600,592,0.9866666666666667,8.19309115409851,0.0
7,lwf,0,5,5,350,186,0.5314285714285715,8.19309115409851,0.0
7,ewc,0,1,1,1200,1200,1.0,27.08557105064392,0.0
7,ewc,0,2,1,1200,0,0.0,26.79634404182434,0.0
7,ewc,0,2,2,550,550,1.0,26.79634404182434,0.0
7,ewc,0,3,1,1200,0,0.0,27.428653478622437,0.0
7,ewc,0,3,2,550,0,0.0,27.428653478622437,0.0
7,ewc,0,3,3,300,203,0.6766666666666666,27.428653478622437,0.0
7,ewc,0,4,1,1200,0,0.0,27.444610357284546,0.0
7,ewc,0,4,2,550,0,0.0,27.444610357284546,0.0
7,ewc,0,4,3,300,0,0.0,27.444610357284546,0.0
7,ewc,0,4,4,600,599,0.9983333333333333,27.444610357284546,0.0
7,ewc,0,5,1,1200,0,0.0,27.68197512626648,0.0
7,ewc,0,5,2,550,0,0.0,27.68197512626648,0.0
7,ewc,0,5,3,300,0,0.0,27.68197512626648,0.0
7,ewc,0,5,4,600,0,0.0,27.68197512626648,0.0
7,ewc,0,5,5,350,306,0.8742857142857143,27.68197512626648,0.0
8,offline,0,None,1,650,615,0.9461538461538461,None,None
8,offline,0,None,2,900,896,0.9955555555555555,None,None
8,offline,0,None,3,550,543,0.9872727272727273,None,None
8,offline,0,None,4,500,277,0.554,None,None
8,offline,0,None,5,400,394,0.985,None,None
8,none,0,1,1,650,650,1.0,27.548333406448364,0.0
8,none,0,2,1,650,0,0.0,27.21223211288452,0.0
8,none,0,2,2,900,897,0.9966666666666667,27.21223211288452,0.0
8,none,0,3,1,650,0,0.0,26.991819620132446,0.0
8,none,0,3,2,900,0,0.0,26.991819620132446,0.0
8,none,0,3,3,550,550,1.0,26.991819620132446,0.0
8,none,0,4,1,650,0,0.0,28.072930812835693,0.0
8,none,0,4,2,900,0,0.0,28.072930812835693,0.0
8,none,0,4,3,550,0,0.0,28.072930812835693,0.0
8,none,0,4,4,500,492,0.984,28.072930812835693,0.0
8,none,0,5,1,650,0,0.0,27.51143193244934,0.0
8,none,0,5,2,900,0,0.0,27.51143193244934,0.0
8,none,0,5,3,550,0,0.0,27.51143193244934,0.0
8,none,0,5,4,500,0,0.0,27.51143193244934,0.0
8,none,0,5,5,400,399,0.9975,27.51143193244934,0.0
8,exact,0,1,1,650,650,1.0,27.552322387695312,0.0
8,exact,0,2,1,650,648,0.9969230769230769,29.774380683898926,0.0
8,exact,0,2,2,900,897,0.9966666666666667,29.774380683898926,0.0
8,exact,0,3,1,650,649,0.9984615384615385,30.034685134887695,0.0
8,exact,0,3,2,900,896,0.9955555555555555,30.034685134887695,0.0
8,exact,0,3,3,550,540,0.9818181818181818,30.034685134887695,0.0
8,exact,0,4,1,650,613,0.943076923076923,30.25609278678894,0.0
8,exact,0,4,2,900,895,0.9944444444444445,30.25609278678894,0.0
8,exact,0,4,3,550,539,0.98,30.25609278678894,0.0
8,exact,0,4,4,500,483,0.966,30.25609278678894,0.0
8,exact,0,5,1,650,621,0.9553846153846154,30.266066551208496,0.0
8,exact,0,5,2,900,895,0.9944444444444445,30.266066551208496,0.0
8,exact,0,5,3,550,543,0.9872727272727273,30.266066551208496,0.0
8,exact,0,5,4,500,262,0.524,30.266066551208496,0.0
8,exact,0,5,5,400,395,0.9875,30.266066551208496,0.0
8,mp-gan,0,1,1,650,650,1.0,27.739820957183838,39.08448505401611
8,mp-gan,0,2,1,650,464,0.7138461538461538,29.368463039398193,39.210148334503174
8,mp-gan,0,2,2,900,898,0.9977777777777778,29.368463039398193,39.210148334503174
8,mp-gan,0,3,1,650,53,0.08153846153846153,30.494455337524414,39.06054902076721
8,mp-gan,0,3,2,900,831,0.9233333333333333,30.494455337524414,39.06054902076721
8,mp-gan,0,3,3,550,549,0.9981818181818182,30.494455337524414,39.06054902076721
8,mp-gan,0,4,1,650,262,0.40307692307692305,30.593191623687744,38.99372744560242
8,mp-gan,0,4,2,900,813,0.9033333333333333,30.593191623687744,38.99372744560242
8,mp-gan,0,4,3,550,532,0.9672727272727273,30.593191623687744,38.99372744560242
8,mp-gan,0,4,4,500,486,0.972,30.593191623687744,38.99372744560242
8,mp-gan,0,5,1,650,603,0.9276923076923077,33.44257140159607,39.49339151382446
8,mp-gan,0,5,2,900,805,0.8944444444444445,33.44257140159607,39.49339151382446
8,mp-gan,0,5,3,550,304,0.5527272727272727,33.44257140159607,39.49339151382446
8,mp-gan,0,5,4,500,123,0.246,33.44257140159607,39.49339151382446
8,mp-gan,0,5,5,400,399,0.9975,33.44257140159607,39.49339151382446
8,mp-wgan,0,1,1,650,650,1.0,27.6839702129364,70.4585874080658
8,mp-wgan,0,2,1,650,58,0.08923076923076922,29.484158277511597,69.92601084709167
8,mp-wgan,0,2,2,900,897,0.9966666666666667,29.484158277511597,69.92601084709167
8,mp-wgan,0,3,1,650,47,0.07230769230769231,31.367122173309326,69.74948310852051
8,mp-wgan,0,3,2,900,804,0.8933333333333333,31.367122173309326,69.74948310852051
8,mp-wgan,0,3,3,550,549,0.9981818181818182,31.367122173309326,69.74948310852051
8,mp-wgan,0,4,1,650,0,0.0,31.57257056236267,68.99450302124023
8,mp-wgan,0,4,2,900,789,0.8766666666666667,31.57257056236267,68.99450302124023
8,mp-wgan,0,4,3,550,187,0.34,31.57257056236267,68.99450302124023
8,mp-wgan,0,4,4,500,492,0.984,31.57257056236267,68.99450302124023
8,mp-wgan,0,5,1,650,45,0.06923076923076923,29.970853567123413,70.24216604232788
8,mp-wgan,0,5,2,900,786,0.8733333333333333,29.970853567123413,70.24216604232788
8,mp-wgan,0,5,3,550,0,0.0,29.970853567123413,70.24216604232788
8,mp-wgan,0,5,4,500,207,0.414,29.970853567123413,70.24216604232788
8,mp-wgan,0,5,5,400,400,1.0,29.970853567123413,70.24216604232788
8,sg-cgan,0,1,1,650,650,1.0,27.45159149169922,131.13187623023987
8,sg-cgan,0,2,1,650,424,0.6523076923076923,29.165010929107666,254.6729826927185
8,sg-cgan,0,2,2,900,897,0.9966666666666667,29.165010929107666,254.6729826927185
8,sg-cgan,0,3,1,650,50,0.07692307692307693,29.712549209594727,254.87543869018555
8,sg-cgan,0,3,2,900,808,0.8977777777777778,29.712549209594727,254.87543869018555
8,sg-cgan,0,3,3,550,549,0.9981818181818182,29.712549209594727,254.87543869018555
8,sg-cgan,0,4,1,650,0,0.0,31.94856548309326,254.38375878334045
8,sg-cgan,0,4,2,900,798,0.8866666666666667,31.94856548309326,254.38375878334045
8,sg-cgan,0,4,3,550,210,0.38181818181818183,31.94856548309326,254.38375878334045
8,sg-cgan,0,4,4,500,493,0.986,31.94856548309326,254.38375878334045
8,sg-cgan,0,5,1,650,289,0.44461538461538463,29.778371334075928,254.63009762763977
8,sg-cgan,0,5,2,900,787,0.8744444444444445,29.778371334075928,254.63009762763977
8,sg-cgan,0,5,3,550,207,0.37636363636363634,29.778371334075928,254.63009762763977
8,sg-cgan,0,5,4,500,88,0.176,29.778371334075928,254.63009762763977
8,sg-cgan,0,5,5,400,398,0.995,29.778371334075928,254.63009762763977
8,sg-cwgan,0,1,1,650,650,1.0,27.308974266052246,192.71965169906616
8,sg-cwgan,0,2,1,650,245,0.3769230769230769,31.967516899108887,382.3246319293976
8,sg-cwgan,0,2,2,900,899,0.9988888888888889,31.967516899108887,382.3246319293976
8,sg-cwgan,0,3,1,650,54,0.08307692307692308,32.54297757148743,381.5905957221985
8,sg-cwgan,0,3,2,900,874,0.9711111111111111,32.54297757148743,381.5905957221985
8,sg-cwgan,0,3,3,550,549,0.9981818181818182,32.54297757148743,381.5905957221985
8,sg-cwgan,0,4,1,650,0,0.0,31.817915201187134,383.4971704483032
8,sg-cwgan,0,4,2,900,10,0.011111111111111112,31.817915201187134,383.4971704483032
8,sg-cwgan,0,4,3,550,435,0.7909090909090909,31.817915201187134,383.4971704483032
8,sg-cwgan,0,4,4,500,492,0.984,31.817915201187134,383.4971704483032
8,sg-cwgan,0,5,1,650,0,0.0,29.77836561203003,383.8874526023865
8,sg-cwgan,0,5,2,900,7,0.0077777777777777776,29.77836561203003,383.8874526023865
8,sg-cwgan,0,5,3,550,240,0.43636363636363634,29.77836561203003,383.8874526023865
8,sg-cwgan,0,5,4,500,106,0.212,29.77836561203003,383.8874526023865
8,sg-cwgan,0,5,5,400,398,0.995,29.77836561203003,383.8874526023865
8,lwf,0,1,1,650,650,1.0,7.945752382278442,0.0
8,lwf,0,2,1,650,96,0.1476923076923077,7.800142288208008,0.0
8,lwf,0,2,2,900,897,0.9966666666666667,7.800142288208008,0.0
8,lwf,0,3,1,650,100,0.15384615384615385,8.520216941833496,0.0
8,lwf,0,3,2,900,1,0.0011111111111111111,8.520216941833496,0.0
8,lwf,0,3,3,550,546,0.9927272727272727,8.520216941833496,0.0
8,lwf,0,4,1,650,14,0.021538461538461538,7.997612953186035,0.0
8,lwf,0,4,2,900,865,0.9611111111111111,7.997612953186035,0.0
8,lwf,0,4,3,550,538,0.9781818181818182,7.997612953186035,0.0
8,lwf,0,4,4,500,488,0.976,7.997612953186035,0.0
8,lwf,0,5,1,650,0,0.0,8.12327766418457,0.0
8,lwf,0,5,2,900,0,0.0,8.12327766418457,0.0
8,lwf,0,5,3,550,15,0.02727272727272727,8.12327766418457,0.0
8,lwf,0,5,4,500,186,0.372,8.12327766418457,0.0
8,lwf,0,5,5,400,397,0.9925,8.12327766418457,0.0
8,ewc,0,1,1,650,650,1.0,27.340887784957886,0.0
8,ewc,0,2,1,650,0,0.0,27.320942163467407,0.0
8,ewc,0,2,2,900,897,0.9966666666666667,27.320942163467407,0.0
8,ewc,0,3,1,650,0,0.0,27.196275234222412,0.0
8,ewc,0,3,2,900,0,0.0,27.196275234222412,0.0
8,ewc,0,3,3,550,550,1.0,27.196275234222412,0.0
8,ewc,0,4,1,650,0,0.0,27.451591968536377,0.0
8,ewc,0,4,2,900,0,0.0,27.451591968536377,0.0
8,ewc,0,4,3,550,0,0.0,27.451591968536377,0.0
8,ewc,0,4,4,500,492,0.984,27.451591968536377,0.0
8,ewc,0,5,1,650,0,0.0,27.659037351608276,0.0
8,ewc,0,5,2,900,0,0.0,27.659037351608276,0.0
8,ewc,0,5,3,550,0,0.0,27.659037351608276,0.0
8,ewc,0,5,4,500,0,0.0,27.659037351608276,0.0
8,ewc,0,5,5,400,399,0.9975,27.659037351608276,0.0
9,offline,0,None,1,100,68,0.68,None,None
9,offline,0,None,2,650,552,0.8492307692307692,None,None
9,offline,0,None,3,500,466,0.932,None,None
9,offline,0,None,4,550,547,0.9945454545454545,None,None
9,offline,0,None,5,1150,1135,0.9869565217391304,None,None
9,none,0,1,1,100,100,1.0,27.165356397628784,0.0
9,none,0,2,1,100,0,0.0,26.58490753173828,0.0
9,none,0,2,2,650,650,1.0,26.58490753173828,0.0
9,none,0,3,1,100,0,0.0,26.82426905632019,0.0
9,none,0,3,2,650,0,0.0,26.82426905632019,0.0
9,none,0,3,3,500,500,1.0,26.82426905632019,0.0
9,none,0,4,1,100,0,0.0,27.324931144714355,0.0
9,none,0,4,2,650,0,0.0,27.324931144714355,0.0
9,none,0,4,3,500,38,0.076,27.324931144714355,0.0
9,none,0,4,4,550,550,1.0,27.324931144714355,0.0
9,none,0,5,1,100,0,0.0,27.697932481765747,0.0
9,none,0,5,2,650,0,0.0,27.697932481765747,0.0
9,none,0,5,3,500,0,0.0,27.697932481765747,0.0
9,none,0,5,4,550,0,0.0,27.697932481765747,0.0
9,none,0,5,5,1150,1150,1.0,27.697932481765747,0.0
9,exact,0,1,1,100,100,1.0,30.131426334381104,0.0
9,exact,0,2,1,100,100,1.0,32.766380310058594,0.0
9,exact,0,2,2,650,650,1.0,32.766380310058594,0.0
9,exact,0,3,1,100,95,0.95,33.931265354156494,0.0
9,exact,0,3,2,650,554,0.8523076923076923,33.931265354156494,0.0
9,exact,0,3,3,500,486,0.972,33.931265354156494,0.0
9,exact,0,4,1,100,97,0.97,29.91600251197815,0.0
9,exact,0,4,2,650,549,0.8446153846153847,29.91600251197815,0.0
9,exact,0,4,3,500,485,0.97,29.91600251197815,0.0
9,exact,0,4,4,550,548,0.9963636363636363,29.91600251197815,0.0
9,exact,0,5,1,100,74,0.74,30.76772427558899,0.0
9,exact,0,5,2,650,597,0.9184615384615384,30.76772427558899,0.0
9,exact,0,5,3,500,387,0.774,30.76772427558899,0.0
9,exact,0,5,4,550,548,0.9963636363636363,30.76772427558899,0.0
9,exact,0,5,5,1150,1121,0.9747826086956521,30.76772427558899,0.0
9,mp-gan,0,1,1,100,100,1.0,28.009100914001465,39.11739659309387
9,mp-gan,0,2,1,100,61,0.61,29.376445055007935,39.08647966384888
9,mp-gan,0,2,2,650,650,1.0,29.376445055007935,39.08647966384888
9,mp-gan,0,3,1,100,4,0.04,30.305958032608032,39.846447706222534
9,mp-gan,0,3,2,650,544,0.8369230769230769,30.305958032608032,39.846447706222534
9,mp-gan,0,3,3,500,497,0.994,30.305958032608032,39.846447706222534
9,mp-gan,0,4,1,100,36,0.36,30.562262535095215,39.10143852233887
9,mp-gan,0,4,2,650,28,0.043076923076923075,30.562262535095215,39.10143852233887
9,mp-gan,0,4,3,500,351,0.702,30.562262535095215,39.10143852233887
9,mp-gan,0,4,4,550,550,1.0,30.562262535095215,39.10143852233887
9,mp-gan,0,5,1,100,0,0.0,29.937944650650024,39.27298045158386
9,mp-gan,0,5,2,650,563,0.8661538461538462,29.937944650650024,39.27298045158386
9,mp-gan,0,5,3,500,305,0.61,29.937944650650024,39.27298045158386
9,mp-gan,0,5,4,550,410,0.7454545454545455,29.937944650650024,39.27298045158386
9,mp-gan,0,5,5,1150,1148,0.9982608695652174,29.937944650650024,39.27298045158386
9,mp-wgan,0,1,1,100,100,1.0,27.42566180229187,69.695627450943
9,mp-wgan,0,2,1,100,59,0.59,29.20590090751648,69.35453987121582
9,mp-wgan,0,2,2,650,650,1.0,29.20590090751648,69.35453987121582
9,mp-wgan,0,3,1,100,6,0.06,29.764407873153687,70.11450815200806
9,mp-wgan,0,3,2,650,544,0.8369230769230769,29.764407873153687,70.11450815200806
9,mp-wgan,0,3,3,500,497,0.994,29.764407873153687,70.11450815200806
9,mp-wgan,0,4,1,100,0,0.0,29.414344549179077,70.63212323188782
9,mp-wgan,0,4,2,650,200,0.3076923076923077,29.414344549179077,70.63212323188782
9,mp-wgan,0,4,3,500,435,0.87,29.414344549179077,70.63212323188782
9,mp-wgan,0,4,4,550,550,1.0,29.414344549179077,70.63212323188782
9,mp-wgan,0,5,1,100,2,0.02,30.28900456428528,69.53705215454102
9,mp-wgan,0,5,2,650,347,0.5338461538461539,30.28900456428528,69.53705215454102
9,mp-wgan,0,5,3,500,396,0.792,30.28900456428528,69.53705215454102
9,mp-wgan,0,5,4,550,249,0.4527272727272727,30.28900456428528,69.53705215454102
9,mp-wgan,0,5,5,1150,1149,0.9991304347826087,30.28900456428528,69.53705215454102
9,sg-cgan,0,1,1,100,100,1.0,27.547336101531982,129.23840641975403
9,sg-cgan,0,2,1,100,59,0.59,30.71087670326233,256.040326833725
9,sg-cgan,0,2,2,650,650,1.0,30.71087670326233,256.040326833725
9,sg-cgan,0,3,1,100,8,0.08,31.288330554962158,256.0064175128937
9,sg-cgan,0,3,2,650,352,0.5415384615384615,31.288330554962158,256.0064175128937
9,sg-cgan,0,3,3,500,497,0.994,31.288330554962158,256.0064175128937
9,sg-cgan,0,4,1,100,8,0.08,30.788668155670166,258.65333914756775
9,sg-cgan,0,4,2,650,4,0.006153846153846154,30.788668155670166,258.65333914756775
9,sg-cgan,0,4,3,500,353,0.706,30.788668155670166,258.65333914756775
9,sg-cgan,0,4,4,550,550,1.0,30.788668155670166,258.65333914756775
9,sg-cgan,0,5,1,100,8,0.08,30.258087873458862,254.3538372516632
9,sg-cgan,0,5,2,650,13,0.02,30.258087873458862,254.3538372516632
9,sg-cgan,0,5,3,500,338,0.676,30.258087873458862,254.3538372516632
9,sg-cgan,0,5,4,550,359,0.6527272727272727,30.258087873458862,254.3538372516632
9,sg-cgan,0,5,5,1150,1149,0.9991304347826087,30.258087873458862,254.3538372516632
9,sg-cwgan,0,1,1,100,100,1.0,27.66402506828308,192.50023746490479
9,sg-cwgan,0,2,1,100,63,0.63,31.425965070724487,382.6447756290436
9,sg-cwgan,0,2,2,650,650,1.0,31.425965070724487,382.6447756290436
9,sg-cwgan,0,3,1,100,17,0.17,30.29099988937378,383.387788772583
9,sg-cwgan,0,3,2,650,444,0.683076923076923,30.29099988937378,383.387788772583
9,sg-cwgan,0,3,3,500,498,0.996,30.29099988937378,383.387788772583
9,sg-cwgan,0,4,1,100,11,0.11,30.34286069869995,384.10173892974854
9,sg-cwgan,0,4,2,650,0,0.0,30.34286069869995,384.10173892974854
9,sg-cwgan,0,4,3,500,464,0.928,30.34286069869995,384.10173892974854
9,sg-cwgan,0,4,4,550,550,1.0,30.34286069869995,384.10173892974854
9,sg-cwgan,0,5,1,100,5,0.05,31.283341884613037,381.5347445011139
9,sg-cwgan,0,5,2,650,0,0.0,31.283341884613037,381.5347445011139
9,sg-cwgan,0,5,3,500,0,0.0,31.283341884613037,381.5347445011139
9,sg-cwgan,0,5,4,550,226,0.4109090909090909,31.283341884613037,381.5347445011139
9,sg-cwgan,0,5,5,1150,1150,1.0,31.283341884613037,381.5347445011139
9,lwf,0,1,1,100,100,1.0,7.875939607620239,0.0
9,lwf,0,2,1,100,23,0.23,7.756258964538574,0.0
9,lwf,0,2,2,650,650,1.0,7.756258964538574,0.0
9,lwf,0,3,1,100,2,0.02,7.8141028881073,0.0
9,lwf,0,3,2,650,546,0.84,7.8141028881073,0.0
9,lwf,0,3,3,500,500,1.0,7.8141028881073,0.0
9,lwf,0,4,1,100,0,0.0,7.928797721862793,0.0
9,lwf,0,4,2,650,0,0.0,7.928797721862793,0.0
9,lwf,0,4,3,500,222,0.444,7.928797721862793,0.0
9,lwf,0,4,4,550,550,1.0,7.928797721862793,0.0
9,lwf,0,5,1,100,0,0.0,8.094347715377808,0.0
9,lwf,0,5,2,650,0,0.0,8.094347715377808,0.0
9,lwf,0,5,3,500,243,0.486,8.094347715377808,0.0
9,lwf,0,5,4,550,409,0.7436363636363637,8.094347715377808,0.0
9,lwf,0,5,5,1150,1150,1.0,8.094347715377808,0.0
9,ewc,0,1,1,100,100,1.0,27.37679171562195,0.0
9,ewc,0,2,1,100,0,0.0,26.78637170791626,0.0
9,ewc,0,2,2,650,650,1.0,26.78637170791626,0.0
9,ewc,0,3,1,100,0,0.0,26.88710117340088,0.0
9,ewc,0,3,2,650,0,0.0,26.88710117340088,0.0
9,ewc,0,3,3,500,500,1.0,26.88710117340088,0.0
9,ewc,0,4,1,100,0,0.0,27.10651397705078,0.0
9,ewc,0,4,2,650,0,0.0,27.10651397705078,0.0
9,ewc,0,4,3,500,38,0.076,27.10651397705078,0.0
9,ewc,0,4,4,550,550,1.0,27.10651397705078,0.0
9,ewc,0,5,1,100,0,0.0,27.97020435333252,0.0
9,ewc,0,5,2,650,0,0.0,27.97020435333252,0.0
9,ewc,0,5,3,500,0,0.0,27.97020435333252,0.0
9,ewc,0,5,4,550,0,0.0,27.97020435333252,0.0
9,ewc,0,5,5,1150,1150,1.0,27.97020435333252,0.0
