task_order, method, cmd, train_session, task_index, no_of_test, no_of_correct_prediction, accuracy, solver_training_time, generator_training_time
0,offline,0,None,1,250,242,0.968,None,None
0,offline,0,None,2,100,95,0.95,None,None
0,offline,0,None,3,200,162,0.81,None,None
0,offline,0,None,4,250,217,0.868,None,None
0,offline,0,None,5,300,229,0.7633333333333333,None,None
0,sg-cgan,0,1,1,250,246,0.984,15.049206495285034,976.4480764865875
0,sg-cgan,0,2,1,250,243,0.972,18.923691034317017,1883.3139472007751
0,sg-cgan,0,2,2,100,94,0.94,18.923691034317017,1883.3139472007751
0,sg-cgan,0,3,1,250,225,0.9,16.562294244766235,1873.139939069748
0,sg-cgan,0,3,2,100,97,0.97,16.562294244766235,1873.139939069748
0,sg-cgan,0,3,3,200,189,0.945,16.562294244766235,1873.139939069748
0,sg-cgan,0,4,1,250,208,0.832,18.041606426239014,1949.8663094043732
0,sg-cgan,0,4,2,100,93,0.93,18.041606426239014,1949.8663094043732
0,sg-cgan,0,4,3,200,186,0.93,18.041606426239014,1949.8663094043732
0,sg-cgan,0,4,4,250,204,0.816,18.041606426239014,1949.8663094043732
0,sg-cgan,0,5,1,250,147,0.588,18.999571561813354,1824.1405119895935
0,sg-cgan,0,5,2,100,84,0.84,18.999571561813354,1824.1405119895935
0,sg-cgan,0,5,3,200,157,0.785,18.999571561813354,1824.1405119895935
0,sg-cgan,0,5,4,250,145,0.58,18.999571561813354,1824.1405119895935
0,sg-cgan,0,5,5,300,260,0.8666666666666667,18.999571561813354,1824.1405119895935
0,sg-cwgan,0,1,1,250,246,0.984,14.407295227050781,1372.156418800354
0,sg-cwgan,0,2,1,250,187,0.748,18.90868592262268,2633.249532222748
0,sg-cwgan,0,2,2,100,78,0.78,18.90868592262268,2633.249532222748
0,sg-cwgan,0,3,1,250,53,0.212,17.958250522613525,2723.5478394031525
0,sg-cwgan,0,3,2,100,8,0.08,17.958250522613525,2723.5478394031525
0,sg-cwgan,0,3,3,200,196,0.98,17.958250522613525,2723.5478394031525
0,sg-cwgan,0,4,1,250,2,0.008,19.200616598129272,2632.1208775043488
0,sg-cwgan,0,4,2,100,0,0.0,19.200616598129272,2632.1208775043488
0,sg-cwgan,0,4,3,200,140,0.7,19.200616598129272,2632.1208775043488
0,sg-cwgan,0,4,4,250,228,0.912,19.200616598129272,2632.1208775043488
0,sg-cwgan,0,5,1,250,8,0.032,18.039162397384644,2720.8204402923584
0,sg-cwgan,0,5,2,100,1,0.01,18.039162397384644,2720.8204402923584
0,sg-cwgan,0,5,3,200,67,0.335,18.039162397384644,2720.8204402923584
0,sg-cwgan,0,5,4,250,28,0.112,18.039162397384644,2720.8204402923584
0,sg-cwgan,0,5,5,300,275,0.9166666666666666,18.039162397384644,2720.8204402923584
0,offline,1,5,1,250,242,0.968,18.039162397384644,2720.8204402923584
0,offline,1,5,2,100,95,0.95,18.039162397384644,2720.8204402923584
0,offline,1,5,3,200,162,0.81,18.039162397384644,2720.8204402923584
0,offline,1,5,4,250,217,0.868,18.039162397384644,2720.8204402923584
0,offline,1,5,5,300,229,0.7633333333333333,18.039162397384644,2720.8204402923584
0,sg-cgan,1,1,1,250,247,0.988,12.465258598327637,835.1971583366394
0,sg-cgan,1,2,1,250,227,0.908,15.822751522064209,1661.528225660324
0,sg-cgan,1,2,2,100,97,0.97,15.822751522064209,1661.528225660324
0,sg-cgan,1,3,1,250,213,0.852,15.46000623703003,1666.5924637317657
0,sg-cgan,1,3,2,100,79,0.79,15.46000623703003,1666.5924637317657
0,sg-cgan,1,3,3,200,200,1.0,15.46000623703003,1666.5924637317657
0,sg-cgan,1,4,1,250,160,0.64,15.305750846862793,1660.9057846069336
0,sg-cgan,1,4,2,100,86,0.86,15.305750846862793,1660.9057846069336
0,sg-cgan,1,4,3,200,77,0.385,15.305750846862793,1660.9057846069336
0,sg-cgan,1,4,4,250,239,0.956,15.305750846862793,1660.9057846069336
0,sg-cgan,1,5,1,250,158,0.632,15.114852905273438,1659.0081264972687
0,sg-cgan,1,5,2,100,56,0.56,15.114852905273438,1659.0081264972687
0,sg-cgan,1,5,3,200,44,0.22,15.114852905273438,1659.0081264972687
0,sg-cgan,1,5,4,250,16,0.064,15.114852905273438,1659.0081264972687
0,sg-cgan,1,5,5,300,267,0.89,15.114852905273438,1659.0081264972687
0,sg-cwgan,1,1,1,250,245,0.98,12.505537986755371,1198.3671851158142
0,sg-cwgan,1,2,1,250,80,0.32,15.76945161819458,2368.084231853485
0,sg-cwgan,1,2,2,100,100,1.0,15.76945161819458,2368.084231853485
0,sg-cwgan,1,3,1,250,0,0.0,15.777400732040405,2383.478542327881
0,sg-cwgan,1,3,2,100,0,0.0,15.777400732040405,2383.478542327881
0,sg-cwgan,1,3,3,200,200,1.0,15.777400732040405,2383.478542327881
0,sg-cwgan,1,4,1,250,0,0.0,16.1128408908844,2894.056962966919
0,sg-cwgan,1,4,2,100,0,0.0,16.1128408908844,2894.056962966919
0,sg-cwgan,1,4,3,200,32,0.16,16.1128408908844,2894.056962966919
0,sg-cwgan,1,4,4,250,245,0.98,16.1128408908844,2894.056962966919
0,sg-cwgan,1,5,1,250,0,0.0,16.153616189956665,2470.5984699726105
0,sg-cwgan,1,5,2,100,0,0.0,16.153616189956665,2470.5984699726105
0,sg-cwgan,1,5,3,200,46,0.23,16.153616189956665,2470.5984699726105
0,sg-cwgan,1,5,4,250,0,0.0,16.153616189956665,2470.5984699726105
0,sg-cwgan,1,5,5,300,288,0.96,16.153616189956665,2470.5984699726105
0,offline,2,5,1,250,242,0.968,16.153616189956665,2470.5984699726105
0,offline,2,5,2,100,95,0.95,16.153616189956665,2470.5984699726105
0,offline,2,5,3,200,162,0.81,16.153616189956665,2470.5984699726105
0,offline,2,5,4,250,217,0.868,16.153616189956665,2470.5984699726105
0,offline,2,5,5,300,229,0.7633333333333333,16.153616189956665,2470.5984699726105
0,sg-cgan,2,1,1,250,247,0.988,15.293667793273926,905.101401090622
0,sg-cgan,2,2,1,250,227,0.908,17.86635708808899,1916.7275168895721
0,sg-cgan,2,2,2,100,97,0.97,17.86635708808899,1916.7275168895721
0,sg-cgan,2,3,1,250,213,0.852,18.669434547424316,1956.4553656578064
0,sg-cgan,2,3,2,100,79,0.79,18.669434547424316,1956.4553656578064
0,sg-cgan,2,3,3,200,200,1.0,18.669434547424316,1956.4553656578064
0,sg-cgan,2,4,1,250,218,0.872,18.030023336410522,1812.4913494586945
0,sg-cgan,2,4,2,100,97,0.97,18.030023336410522,1812.4913494586945
0,sg-cgan,2,4,3,200,49,0.245,18.030023336410522,1812.4913494586945
0,sg-cgan,2,4,4,250,244,0.976,18.030023336410522,1812.4913494586945
0,sg-cgan,2,5,1,250,123,0.492,17.398136615753174,1934.7226095199585
0,sg-cgan,2,5,2,100,76,0.76,17.398136615753174,1934.7226095199585
0,sg-cgan,2,5,3,200,63,0.315,17.398136615753174,1934.7226095199585
0,sg-cgan,2,5,4,250,52,0.208,17.398136615753174,1934.7226095199585
0,sg-cgan,2,5,5,300,279,0.93,17.398136615753174,1934.7226095199585
0,sg-cwgan,2,1,1,250,245,0.98,14.682820081710815,1372.6138167381287
0,sg-cwgan,2,2,1,250,80,0.32,16.666886568069458,2628.6211743354797
0,sg-cwgan,2,2,2,100,100,1.0,16.666886568069458,2628.6211743354797
0,sg-cwgan,2,3,1,250,0,0.0,18.802314043045044,2683.955239534378
0,sg-cwgan,2,3,2,100,15,0.15,18.802314043045044,2683.955239534378
0,sg-cwgan,2,3,3,200,199,0.995,18.802314043045044,2683.955239534378
0,sg-cwgan,2,4,1,250,0,0.0,16.737265825271606,3136.8839814662933
0,sg-cwgan,2,4,2,100,4,0.04,16.737265825271606,3136.8839814662933
0,sg-cwgan,2,4,3,200,0,0.0,16.737265825271606,3136.8839814662933
0,sg-cwgan,2,4,4,250,243,0.972,16.737265825271606,3136.8839814662933
0,sg-cwgan,2,5,1,250,0,0.0,18.29981017112732,2656.8659887313843
0,sg-cwgan,2,5,2,100,34,0.34,18.29981017112732,2656.8659887313843
0,sg-cwgan,2,5,3,200,0,0.0,18.29981017112732,2656.8659887313843
0,sg-cwgan,2,5,4,250,0,0.0,18.29981017112732,2656.8659887313843
0,sg-cwgan,2,5,5,300,287,0.9566666666666667,18.29981017112732,2656.8659887313843
0,offline,3,5,1,250,242,0.968,18.29981017112732,2656.8659887313843
0,offline,3,5,2,100,95,0.95,18.29981017112732,2656.8659887313843
0,offline,3,5,3,200,162,0.81,18.29981017112732,2656.8659887313843
0,offline,3,5,4,250,217,0.868,18.29981017112732,2656.8659887313843
0,offline,3,5,5,300,229,0.7633333333333333,18.29981017112732,2656.8659887313843
0,sg-cgan,3,1,1,250,246,0.984,18.789408922195435,826.1711037158966
0,sg-cgan,3,2,1,250,229,0.916,18.89744234085083,1665.4763731956482
0,sg-cgan,3,2,2,100,97,0.97,18.89744234085083,1665.4763731956482
0,sg-cgan,3,3,1,250,222,0.888,20.34183979034424,1652.1671946048737
0,sg-cgan,3,3,2,100,76,0.76,20.34183979034424,1652.1671946048737
0,sg-cgan,3,3,3,200,197,0.985,20.34183979034424,1652.1671946048737
0,sg-cgan,3,4,1,250,148,0.592,20.59096121788025,1683.8392186164856
0,sg-cgan,3,4,2,100,83,0.83,20.59096121788025,1683.8392186164856
0,sg-cgan,3,4,3,200,121,0.605,20.59096121788025,1683.8392186164856
0,sg-cgan,3,4,4,250,243,0.972,20.59096121788025,1683.8392186164856
0,sg-cgan,3,5,1,250,171,0.684,22.138254642486572,1655.8117351531982
0,sg-cgan,3,5,2,100,63,0.63,22.138254642486572,1655.8117351531982
0,sg-cgan,3,5,3,200,80,0.4,22.138254642486572,1655.8117351531982
0,sg-cgan,3,5,4,250,82,0.328,22.138254642486572,1655.8117351531982
0,sg-cgan,3,5,5,300,284,0.9466666666666667,22.138254642486572,1655.8117351531982
0,sg-cwgan,3,1,1,250,245,0.98,18.705790758132935,1211.870317697525
0,sg-cwgan,3,2,1,250,194,0.776,20.05277395248413,2467.2358391284943
0,sg-cwgan,3,2,2,100,99,0.99,20.05277395248413,2467.2358391284943
0,sg-cwgan,3,3,1,250,105,0.42,21.164425134658813,2463.8865163326263
0,sg-cwgan,3,3,2,100,39,0.39,21.164425134658813,2463.8865163326263
0,sg-cwgan,3,3,3,200,199,0.995,21.164425134658813,2463.8865163326263
0,sg-cwgan,3,4,1,250,3,0.012,21.869041442871094,2468.049527645111
0,sg-cwgan,3,4,2,100,44,0.44,21.869041442871094,2468.049527645111
0,sg-cwgan,3,4,3,200,40,0.2,21.869041442871094,2468.049527645111
0,sg-cwgan,3,4,4,250,245,0.98,21.869041442871094,2468.049527645111
0,sg-cwgan,3,5,1,250,0,0.0,23.61632800102234,2456.2195563316345
0,sg-cwgan,3,5,2,100,49,0.49,23.61632800102234,2456.2195563316345
0,sg-cwgan,3,5,3,200,45,0.225,23.61632800102234,2456.2195563316345
0,sg-cwgan,3,5,4,250,0,0.0,23.61632800102234,2456.2195563316345
0,sg-cwgan,3,5,5,300,287,0.9566666666666667,23.61632800102234,2456.2195563316345
0,offline,4,5,1,250,242,0.968,23.61632800102234,2456.2195563316345
0,offline,4,5,2,100,95,0.95,23.61632800102234,2456.2195563316345
0,offline,4,5,3,200,162,0.81,23.61632800102234,2456.2195563316345
0,offline,4,5,4,250,217,0.868,23.61632800102234,2456.2195563316345
0,offline,4,5,5,300,229,0.7633333333333333,23.61632800102234,2456.2195563316345
0,sg-cgan,4,1,1,250,247,0.988,13.91149091720581,922.4798374176025
0,sg-cgan,4,2,1,250,233,0.932,18.42324686050415,1911.4342651367188
0,sg-cgan,4,2,2,100,92,0.92,18.42324686050415,1911.4342651367188
0,sg-cgan,4,3,1,250,222,0.888,18.93800139427185,1866.432235956192
0,sg-cgan,4,3,2,100,96,0.96,18.93800139427185,1866.432235956192
0,sg-cgan,4,3,3,200,154,0.77,18.93800139427185,1866.432235956192
0,sg-cgan,4,4,1,250,216,0.864,17.294214248657227,1883.1563181877136
0,sg-cgan,4,4,2,100,98,0.98,17.294214248657227,1883.1563181877136
0,sg-cgan,4,4,3,200,140,0.7,17.294214248657227,1883.1563181877136
0,sg-cgan,4,4,4,250,220,0.88,17.294214248657227,1883.1563181877136
0,sg-cgan,4,5,1,250,184,0.736,18.07694935798645,1941.0241379737854
0,sg-cgan,4,5,2,100,97,0.97,18.07694935798645,1941.0241379737854
0,sg-cgan,4,5,3,200,36,0.18,18.07694935798645,1941.0241379737854
0,sg-cgan,4,5,4,250,144,0.576,18.07694935798645,1941.0241379737854
0,sg-cgan,4,5,5,300,259,0.8633333333333333,18.07694935798645,1941.0241379737854
0,sg-cwgan,4,1,1,250,245,0.98,14.840729236602783,1289.0462460517883
0,sg-cwgan,4,2,1,250,219,0.876,17.99163794517517,2716.135267972946
0,sg-cwgan,4,2,2,100,96,0.96,17.99163794517517,2716.135267972946
0,sg-cwgan,4,3,1,250,3,0.012,19.685024976730347,2623.3131268024445
0,sg-cwgan,4,3,2,100,34,0.34,19.685024976730347,2623.3131268024445
0,sg-cwgan,4,3,3,200,199,0.995,19.685024976730347,2623.3131268024445
0,sg-cwgan,4,4,1,250,0,0.0,17.973361253738403,3148.8742105960846
0,sg-cwgan,4,4,2,100,2,0.02,17.973361253738403,3148.8742105960846
0,sg-cwgan,4,4,3,200,125,0.625,17.973361253738403,3148.8742105960846
0,sg-cwgan,4,4,4,250,229,0.916,17.973361253738403,3148.8742105960846
0,sg-cwgan,4,5,1,250,0,0.0,18.972540140151978,2435.4561388492584
0,sg-cwgan,4,5,2,100,6,0.06,18.972540140151978,2435.4561388492584
0,sg-cwgan,4,5,3,200,27,0.135,18.972540140151978,2435.4561388492584
0,sg-cwgan,4,5,4,250,50,0.2,18.972540140151978,2435.4561388492584
0,sg-cwgan,4,5,5,300,282,0.94,18.972540140151978,2435.4561388492584
0,offline,5,5,1,250,242,0.968,18.972540140151978,2435.4561388492584
0,offline,5,5,2,100,95,0.95,18.972540140151978,2435.4561388492584
0,offline,5,5,3,200,162,0.81,18.972540140151978,2435.4561388492584
0,offline,5,5,4,250,217,0.868,18.972540140151978,2435.4561388492584
0,offline,5,5,5,300,229,0.7633333333333333,18.972540140151978,2435.4561388492584
0,sg-cgan,5,1,1,250,246,0.984,12.404497385025024,836.2770345211029
0,sg-cgan,5,2,1,250,232,0.928,15.443844079971313,1659.5098037719727
0,sg-cgan,5,2,2,100,100,1.0,15.443844079971313,1659.5098037719727
0,sg-cgan,5,3,1,250,154,0.616,15.507891178131104,1664.085996389389
0,sg-cgan,5,3,2,100,77,0.77,15.507891178131104,1664.085996389389
0,sg-cgan,5,3,3,200,200,1.0,15.507891178131104,1664.085996389389
0,sg-cgan,5,4,1,250,146,0.584,16.055501699447632,1722.6235387325287
0,sg-cgan,5,4,2,100,62,0.62,16.055501699447632,1722.6235387325287
0,sg-cgan,5,4,3,200,69,0.345,16.055501699447632,1722.6235387325287
0,sg-cgan,5,4,4,250,243,0.972,16.055501699447632,1722.6235387325287
0,sg-cgan,5,5,1,250,206,0.824,16.02667236328125,1719.9536015987396
0,sg-cgan,5,5,2,100,88,0.88,16.02667236328125,1719.9536015987396
0,sg-cgan,5,5,3,200,49,0.245,16.02667236328125,1719.9536015987396
0,sg-cgan,5,5,4,250,82,0.328,16.02667236328125,1719.9536015987396
0,sg-cgan,5,5,5,300,267,0.89,16.02667236328125,1719.9536015987396
0,sg-cwgan,5,1,1,250,246,0.984,12.950449705123901,1253.176585674286
0,sg-cwgan,5,2,1,250,163,0.652,17.947766304016113,2553.279162168503
0,sg-cwgan,5,2,2,100,98,0.98,17.947766304016113,2553.279162168503
0,sg-cwgan,5,3,1,250,35,0.14,16.29903745651245,2449.35227560997
0,sg-cwgan,5,3,2,100,36,0.36,16.29903745651245,2449.35227560997
0,sg-cwgan,5,3,3,200,200,1.0,16.29903745651245,2449.35227560997
0,sg-cwgan,5,4,1,250,0,0.0,16.11945939064026,2453.635481119156
0,sg-cwgan,5,4,2,100,39,0.39,16.11945939064026,2453.635481119156
0,sg-cwgan,5,4,3,200,50,0.25,16.11945939064026,2453.635481119156
0,sg-cwgan,5,4,4,250,245,0.98,16.11945939064026,2453.635481119156
0,sg-cwgan,5,5,1,250,0,0.0,16.98433566093445,2699.8526124954224
0,sg-cwgan,5,5,2,100,33,0.33,16.98433566093445,2699.8526124954224
0,sg-cwgan,5,5,3,200,65,0.325,16.98433566093445,2699.8526124954224
0,sg-cwgan,5,5,4,250,9,0.036,16.98433566093445,2699.8526124954224
0,sg-cwgan,5,5,5,300,288,0.96,16.98433566093445,2699.8526124954224
0,offline,6,5,1,250,242,0.968,16.98433566093445,2699.8526124954224
0,offline,6,5,2,100,95,0.95,16.98433566093445,2699.8526124954224
0,offline,6,5,3,200,162,0.81,16.98433566093445,2699.8526124954224
0,offline,6,5,4,250,217,0.868,16.98433566093445,2699.8526124954224
0,offline,6,5,5,300,229,0.7633333333333333,16.98433566093445,2699.8526124954224
0,sg-cgan,6,1,1,250,246,0.984,14.979923963546753,986.8371443748474
0,sg-cgan,6,2,1,250,243,0.972,19.08687973022461,1842.5732765197754
0,sg-cgan,6,2,2,100,94,0.94,19.08687973022461,1842.5732765197754
0,sg-cgan,6,3,1,250,225,0.9,18.6804838180542,1951.178551197052
0,sg-cgan,6,3,2,100,97,0.97,18.6804838180542,1951.178551197052
0,sg-cgan,6,3,3,200,189,0.945,18.6804838180542,1951.178551197052
0,sg-cgan,6,4,1,250,208,0.832,19.155073404312134,1875.9384999275208
0,sg-cgan,6,4,2,100,93,0.93,19.155073404312134,1875.9384999275208
0,sg-cgan,6,4,3,200,186,0.93,19.155073404312134,1875.9384999275208
0,sg-cgan,6,4,4,250,204,0.816,19.155073404312134,1875.9384999275208
0,sg-cgan,6,5,1,250,147,0.588,17.760100603103638,1909.1682751178741
0,sg-cgan,6,5,2,100,84,0.84,17.760100603103638,1909.1682751178741
0,sg-cgan,6,5,3,200,157,0.785,17.760100603103638,1909.1682751178741
0,sg-cgan,6,5,4,250,145,0.58,17.760100603103638,1909.1682751178741
0,sg-cgan,6,5,5,300,260,0.8666666666666667,17.760100603103638,1909.1682751178741
0,sg-cwgan,6,1,1,250,246,0.984,14.9365074634552,1386.2003276348114
0,sg-cwgan,6,2,1,250,187,0.748,19.612319469451904,2616.490298986435
0,sg-cwgan,6,2,2,100,78,0.78,19.612319469451904,2616.490298986435
0,sg-cwgan,6,3,1,250,53,0.212,18.618901014328003,2714.129017829895
0,sg-cwgan,6,3,2,100,8,0.08,18.618901014328003,2714.129017829895
0,sg-cwgan,6,3,3,200,196,0.98,18.618901014328003,2714.129017829895
0,sg-cwgan,6,4,1,250,2,0.008,18.659742832183838,2415.7081134319305
0,sg-cwgan,6,4,2,100,0,0.0,18.659742832183838,2415.7081134319305
0,sg-cwgan,6,4,3,200,140,0.7,18.659742832183838,2415.7081134319305
0,sg-cwgan,6,4,4,250,228,0.912,18.659742832183838,2415.7081134319305
0,sg-cwgan,6,5,1,250,8,0.032,16.217430591583252,2399.595094680786
0,sg-cwgan,6,5,2,100,1,0.01,16.217430591583252,2399.595094680786
0,sg-cwgan,6,5,3,200,67,0.335,16.217430591583252,2399.595094680786
0,sg-cwgan,6,5,4,250,28,0.112,16.217430591583252,2399.595094680786
0,sg-cwgan,6,5,5,300,275,0.9166666666666666,16.217430591583252,2399.595094680786
1,offline,0,None,1,350,327,0.9342857142857143,None,None
1,offline,0,None,2,200,184,0.92,None,None
1,offline,0,None,3,150,137,0.9133333333333333,None,None
1,offline,0,None,4,200,168,0.84,None,None
1,offline,0,None,5,300,254,0.8466666666666667,None,None
1,sg-cgan,0,1,1,350,349,0.9971428571428571,11.935937643051147,839.192985534668
1,sg-cgan,0,2,1,350,289,0.8257142857142857,16.155104398727417,1709.3308880329132
1,sg-cgan,0,2,2,200,197,0.985,16.155104398727417,1709.3308880329132
1,sg-cgan,0,3,1,350,191,0.5457142857142857,16.45562720298767,1719.898306131363
1,sg-cgan,0,3,2,200,183,0.915,16.45562720298767,1719.898306131363
1,sg-cgan,0,3,3,150,143,0.9533333333333334,16.45562720298767,1719.898306131363
1,sg-cgan,0,4,1,350,153,0.43714285714285717,16.59019899368286,1719.58913064003
1,sg-cgan,0,4,2,200,167,0.835,16.59019899368286,1719.58913064003
1,sg-cgan,0,4,3,150,142,0.9466666666666667,16.59019899368286,1719.58913064003
1,sg-cgan,0,4,4,200,181,0.905,16.59019899368286,1719.58913064003
1,sg-cgan,0,5,1,350,147,0.42,16.46995186805725,1728.6869213581085
1,sg-cgan,0,5,2,200,77,0.385,16.46995186805725,1728.6869213581085
1,sg-cgan,0,5,3,150,139,0.9266666666666666,16.46995186805725,1728.6869213581085
1,sg-cgan,0,5,4,200,176,0.88,16.46995186805725,1728.6869213581085
1,sg-cgan,0,5,5,300,263,0.8766666666666667,16.46995186805725,1728.6869213581085
1,sg-cwgan,0,1,1,350,349,0.9971428571428571,12.335123300552368,1225.4022192955017
1,sg-cwgan,0,2,1,350,36,0.10285714285714286,16.903024435043335,2457.554303407669
1,sg-cwgan,0,2,2,200,200,1.0,16.903024435043335,2457.554303407669
1,sg-cwgan,0,3,1,350,17,0.04857142857142857,16.77488398551941,2535.4944808483124
1,sg-cwgan,0,3,2,200,118,0.59,16.77488398551941,2535.4944808483124
1,sg-cwgan,0,3,3,150,142,0.9466666666666667,16.77488398551941,2535.4944808483124
1,sg-cwgan,0,4,1,350,2,0.005714285714285714,18.753803730010986,2751.092549562454
1,sg-cwgan,0,4,2,200,78,0.39,18.753803730010986,2751.092549562454
1,sg-cwgan,0,4,3,150,111,0.74,18.753803730010986,2751.092549562454
1,sg-cwgan,0,4,4,200,152,0.76,18.753803730010986,2751.092549562454
1,sg-cwgan,0,5,1,350,0,0.0,16.824551105499268,2638.5483598709106
1,sg-cwgan,0,5,2,200,17,0.085,16.824551105499268,2638.5483598709106
1,sg-cwgan,0,5,3,150,113,0.7533333333333333,16.824551105499268,2638.5483598709106
1,sg-cwgan,0,5,4,200,141,0.705,16.824551105499268,2638.5483598709106
1,sg-cwgan,0,5,5,300,274,0.9133333333333333,16.824551105499268,2638.5483598709106
1,offline,1,5,1,350,327,0.9342857142857143,16.824551105499268,2638.5483598709106
1,offline,1,5,2,200,184,0.92,16.824551105499268,2638.5483598709106
1,offline,1,5,3,150,137,0.9133333333333333,16.824551105499268,2638.5483598709106
1,offline,1,5,4,200,168,0.84,16.824551105499268,2638.5483598709106
1,offline,1,5,5,300,254,0.8466666666666667,16.824551105499268,2638.5483598709106
1,sg-cgan,1,1,1,350,349,0.9971428571428571,14.155494213104248,902.5412511825562
1,sg-cgan,1,2,1,350,151,0.43142857142857144,17.17950201034546,1918.1335091590881
1,sg-cgan,1,2,2,200,197,0.985,17.17950201034546,1918.1335091590881
1,sg-cgan,1,3,1,350,155,0.44285714285714284,18.532427310943604,1962.8632185459137
1,sg-cgan,1,3,2,200,134,0.67,18.532427310943604,1962.8632185459137
1,sg-cgan,1,3,3,150,147,0.98,18.532427310943604,1962.8632185459137
1,sg-cgan,1,4,1,350,155,0.44285714285714284,18.86566400527954,1838.5332992076874
1,sg-cgan,1,4,2,200,76,0.38,18.86566400527954,1838.5332992076874
1,sg-cgan,1,4,3,150,125,0.8333333333333334,18.86566400527954,1838.5332992076874
1,sg-cgan,1,4,4,200,196,0.98,18.86566400527954,1838.5332992076874
1,sg-cgan,1,5,1,350,169,0.4828571428571429,17.37629771232605,1913.675703048706
1,sg-cgan,1,5,2,200,48,0.24,17.37629771232605,1913.675703048706
1,sg-cgan,1,5,3,150,130,0.8666666666666667,17.37629771232605,1913.675703048706
1,sg-cgan,1,5,4,200,136,0.68,17.37629771232605,1913.675703048706
1,sg-cgan,1,5,5,300,298,0.9933333333333333,17.37629771232605,1913.675703048706
1,sg-cwgan,1,1,1,350,349,0.9971428571428571,14.091844081878662,1474.365253686905
1,sg-cwgan,1,2,1,350,0,0.0,19.016701459884644,2404.5174589157104
1,sg-cwgan,1,2,2,200,200,1.0,19.016701459884644,2404.5174589157104
1,sg-cwgan,1,3,1,350,0,0.0,15.770074129104614,2683.4515585899353
1,sg-cwgan,1,3,2,200,9,0.045,15.770074129104614,2683.4515585899353
1,sg-cwgan,1,3,3,150,148,0.9866666666666667,15.770074129104614,2683.4515585899353
1,sg-cwgan,1,4,1,350,0,0.0,16.30641222000122,2400.8863759040833
1,sg-cwgan,1,4,2,200,0,0.0,16.30641222000122,2400.8863759040833
1,sg-cwgan,1,4,3,150,0,0.0,16.30641222000122,2400.8863759040833
1,sg-cwgan,1,4,4,200,196,0.98,16.30641222000122,2400.8863759040833
1,sg-cwgan,1,5,1,350,0,0.0,16.575944185256958,2421.2562851905823
1,sg-cwgan,1,5,2,200,0,0.0,16.575944185256958,2421.2562851905823
1,sg-cwgan,1,5,3,150,0,0.0,16.575944185256958,2421.2562851905823
1,sg-cwgan,1,5,4,200,67,0.335,16.575944185256958,2421.2562851905823
1,sg-cwgan,1,5,5,300,299,0.9966666666666667,16.575944185256958,2421.2562851905823
1,offline,2,5,1,350,327,0.9342857142857143,16.575944185256958,2421.2562851905823
1,offline,2,5,2,200,184,0.92,16.575944185256958,2421.2562851905823
1,offline,2,5,3,150,137,0.9133333333333333,16.575944185256958,2421.2562851905823
1,offline,2,5,4,200,168,0.84,16.575944185256958,2421.2562851905823
1,offline,2,5,5,300,254,0.8466666666666667,16.575944185256958,2421.2562851905823
1,sg-cgan,2,1,1,350,349,0.9971428571428571,12.494947910308838,863.952611207962
1,sg-cgan,2,2,1,350,151,0.43142857142857144,16.80377721786499,1729.0324413776398
1,sg-cgan,2,2,2,200,197,0.985,16.80377721786499,1729.0324413776398
1,sg-cgan,2,3,1,350,138,0.3942857142857143,16.276379346847534,1717.8919644355774
1,sg-cgan,2,3,2,200,112,0.56,16.276379346847534,1717.8919644355774
1,sg-cgan,2,3,3,150,146,0.9733333333333334,16.276379346847534,1717.8919644355774
1,sg-cgan,2,4,1,350,106,0.3028571428571429,16.52369260787964,1734.7436547279358
1,sg-cgan,2,4,2,200,1,0.005,16.52369260787964,1734.7436547279358
1,sg-cgan,2,4,3,150,132,0.88,16.52369260787964,1734.7436547279358
1,sg-cgan,2,4,4,200,197,0.985,16.52369260787964,1734.7436547279358
1,sg-cgan,2,5,1,350,178,0.5085714285714286,16.29672884941101,1775.554313659668
1,sg-cgan,2,5,2,200,4,0.02,16.29672884941101,1775.554313659668
1,sg-cgan,2,5,3,150,134,0.8933333333333333,16.29672884941101,1775.554313659668
1,sg-cgan,2,5,4,200,165,0.825,16.29672884941101,1775.554313659668
1,sg-cgan,2,5,5,300,298,0.9933333333333333,16.29672884941101,1775.554313659668
1,sg-cwgan,2,1,1,350,349,0.9971428571428571,13.821346044540405,1486.806384086609
1,sg-cwgan,2,2,1,350,0,0.0,18.263591289520264,2664.8336164951324
1,sg-cwgan,2,2,2,200,200,1.0,18.263591289520264,2664.8336164951324
1,sg-cwgan,2,3,1,350,0,0.0,17.378562211990356,3099.199460506439
1,sg-cwgan,2,3,2,200,9,0.045,17.378562211990356,3099.199460506439
1,sg-cwgan,2,3,3,150,148,0.9866666666666667,17.378562211990356,3099.199460506439
1,sg-cwgan,2,4,1,350,0,0.0,19.098567485809326,2643.601756811142
1,sg-cwgan,2,4,2,200,8,0.04,19.098567485809326,2643.601756811142
1,sg-cwgan,2,4,3,150,28,0.18666666666666668,19.098567485809326,2643.601756811142
1,sg-cwgan,2,4,4,200,197,0.985,19.098567485809326,2643.601756811142
1,sg-cwgan,2,5,1,350,0,0.0,18.877023220062256,2739.7469062805176
1,sg-cwgan,2,5,2,200,66,0.33,18.877023220062256,2739.7469062805176
1,sg-cwgan,2,5,3,150,7,0.04666666666666667,18.877023220062256,2739.7469062805176
1,sg-cwgan,2,5,4,200,13,0.065,18.877023220062256,2739.7469062805176
1,sg-cwgan,2,5,5,300,294,0.98,18.877023220062256,2739.7469062805176
1,offline,3,5,1,350,327,0.9342857142857143,18.877023220062256,2739.7469062805176
1,offline,3,5,2,200,184,0.92,18.877023220062256,2739.7469062805176
1,offline,3,5,3,150,137,0.9133333333333333,18.877023220062256,2739.7469062805176
1,offline,3,5,4,200,168,0.84,18.877023220062256,2739.7469062805176
1,offline,3,5,5,300,254,0.8466666666666667,18.877023220062256,2739.7469062805176
1,sg-cgan,3,1,1,350,349,0.9971428571428571,19.46491026878357,932.5411777496338
1,sg-cgan,3,2,1,350,0,0.0,22.644285917282104,1956.6298515796661
1,sg-cgan,3,2,2,200,200,1.0,22.644285917282104,1956.6298515796661
1,sg-cgan,3,3,1,350,0,0.0,20.26049828529358,1678.4700667858124
1,sg-cgan,3,3,2,200,32,0.16,20.26049828529358,1678.4700667858124
1,sg-cgan,3,3,3,150,150,1.0,20.26049828529358,1678.4700667858124
1,sg-cgan,3,4,1,350,0,0.0,20.502004146575928,1690.7421669960022
1,sg-cgan,3,4,2,200,34,0.17,20.502004146575928,1690.7421669960022
1,sg-cgan,3,4,3,150,126,0.84,20.502004146575928,1690.7421669960022
1,sg-cgan,3,4,4,200,194,0.97,20.502004146575928,1690.7421669960022
1,sg-cgan,3,5,1,350,0,0.0,22.0657160282135,1694.7798147201538
1,sg-cgan,3,5,2,200,6,0.03,22.0657160282135,1694.7798147201538
1,sg-cgan,3,5,3,150,90,0.6,22.0657160282135,1694.7798147201538
1,sg-cgan,3,5,4,200,71,0.355,22.0657160282135,1694.7798147201538
1,sg-cgan,3,5,5,300,296,0.9866666666666667,22.0657160282135,1694.7798147201538
1,sg-cwgan,3,1,1,350,349,0.9971428571428571,19.78765320777893,1219.057123184204
1,sg-cwgan,3,2,1,350,18,0.05142857142857143,20.96094250679016,2433.824714422226
1,sg-cwgan,3,2,2,200,200,1.0,20.96094250679016,2433.824714422226
1,sg-cwgan,3,3,1,350,52,0.14857142857142858,19.886873245239258,2414.6068551540375
1,sg-cwgan,3,3,2,200,12,0.06,19.886873245239258,2414.6068551540375
1,sg-cwgan,3,3,3,150,147,0.98,19.886873245239258,2414.6068551540375
1,sg-cwgan,3,4,1,350,7,0.02,20.19658613204956,2382.8745431900024
1,sg-cwgan,3,4,2,200,9,0.045,20.19658613204956,2382.8745431900024
1,sg-cwgan,3,4,3,150,29,0.19333333333333333,20.19658613204956,2382.8745431900024
1,sg-cwgan,3,4,4,200,196,0.98,20.19658613204956,2382.8745431900024
1,sg-cwgan,3,5,1,350,170,0.4857142857142857,21.693325757980347,2372.76575255394
1,sg-cwgan,3,5,2,200,35,0.175,21.693325757980347,2372.76575255394
1,sg-cwgan,3,5,3,150,19,0.12666666666666668,21.693325757980347,2372.76575255394
1,sg-cwgan,3,5,4,200,0,0.0,21.693325757980347,2372.76575255394
1,sg-cwgan,3,5,5,300,299,0.9966666666666667,21.693325757980347,2372.76575255394
1,offline,4,5,1,350,327,0.9342857142857143,21.693325757980347,2372.76575255394
1,offline,4,5,2,200,184,0.92,21.693325757980347,2372.76575255394
1,offline,4,5,3,150,137,0.9133333333333333,21.693325757980347,2372.76575255394
1,offline,4,5,4,200,168,0.84,21.693325757980347,2372.76575255394
1,offline,4,5,5,300,254,0.8466666666666667,21.693325757980347,2372.76575255394
1,sg-cgan,4,1,1,350,349,0.9971428571428571,12.35009241104126,891.6060948371887
1,sg-cgan,4,2,1,350,179,0.5114285714285715,18.15672779083252,1920.1576662063599
1,sg-cgan,4,2,2,200,196,0.98,18.15672779083252,1920.1576662063599
1,sg-cgan,4,3,1,350,175,0.5,18.652854681015015,1906.6503398418427
1,sg-cgan,4,3,2,200,185,0.925,18.652854681015015,1906.6503398418427
1,sg-cgan,4,3,3,150,143,0.9533333333333334,18.652854681015015,1906.6503398418427
1,sg-cgan,4,4,1,350,184,0.5257142857142857,16.493959188461304,1865.0421178340912
1,sg-cgan,4,4,2,200,173,0.865,16.493959188461304,1865.0421178340912
1,sg-cgan,4,4,3,150,142,0.9466666666666667,16.493959188461304,1865.0421178340912
1,sg-cgan,4,4,4,200,173,0.865,16.493959188461304,1865.0421178340912
1,sg-cgan,4,5,1,350,168,0.48,18.81643295288086,1943.5254273414612
1,sg-cgan,4,5,2,200,102,0.51,18.81643295288086,1943.5254273414612
1,sg-cgan,4,5,3,150,140,0.9333333333333333,18.81643295288086,1943.5254273414612
1,sg-cgan,4,5,4,200,134,0.67,18.81643295288086,1943.5254273414612
1,sg-cgan,4,5,5,300,263,0.8766666666666667,18.81643295288086,1943.5254273414612
1,sg-cwgan,4,1,1,350,349,0.9971428571428571,14.401239156723022,1396.0097358226776
1,sg-cwgan,4,2,1,350,1,0.002857142857142857,17.884197473526,2736.3392703533173
1,sg-cwgan,4,2,2,200,200,1.0,17.884197473526,2736.3392703533173
1,sg-cwgan,4,3,1,350,0,0.0,18.941951751708984,3021.1989827156067
1,sg-cwgan,4,3,2,200,139,0.695,18.941951751708984,3021.1989827156067
1,sg-cwgan,4,3,3,150,124,0.8266666666666667,18.941951751708984,3021.1989827156067
1,sg-cwgan,4,4,1,350,0,0.0,19.941656589508057,2679.406192779541
1,sg-cwgan,4,4,2,200,113,0.565,19.941656589508057,2679.406192779541
1,sg-cwgan,4,4,3,150,32,0.21333333333333335,19.941656589508057,2679.406192779541
1,sg-cwgan,4,4,4,200,195,0.975,19.941656589508057,2679.406192779541
1,sg-cwgan,4,5,1,350,0,0.0,17.853126287460327,2719.882297039032
1,sg-cwgan,4,5,2,200,50,0.25,17.853126287460327,2719.882297039032
1,sg-cwgan,4,5,3,150,1,0.006666666666666667,17.853126287460327,2719.882297039032
1,sg-cwgan,4,5,4,200,145,0.725,17.853126287460327,2719.882297039032
1,sg-cwgan,4,5,5,300,278,0.9266666666666666,17.853126287460327,2719.882297039032
1,offline,5,5,1,350,327,0.9342857142857143,17.853126287460327,2719.882297039032
1,offline,5,5,2,200,184,0.92,17.853126287460327,2719.882297039032
1,offline,5,5,3,150,137,0.9133333333333333,17.853126287460327,2719.882297039032
1,offline,5,5,4,200,168,0.84,17.853126287460327,2719.882297039032
1,offline,5,5,5,300,254,0.8466666666666667,17.853126287460327,2719.882297039032
1,sg-cgan,5,1,1,350,349,0.9971428571428571,12.200891494750977,850.4178757667542
1,sg-cgan,5,2,1,350,214,0.6114285714285714,16.17217993736267,1702.0809578895569
1,sg-cgan,5,2,2,200,200,1.0,16.17217993736267,1702.0809578895569
1,sg-cgan,5,3,1,350,248,0.7085714285714285,15.443042993545532,1679.6954498291016
1,sg-cgan,5,3,2,200,32,0.16,15.443042993545532,1679.6954498291016
1,sg-cgan,5,3,3,150,147,0.98,15.443042993545532,1679.6954498291016
1,sg-cgan,5,4,1,350,160,0.45714285714285713,16.10265350341797,1693.3391962051392
1,sg-cgan,5,4,2,200,38,0.19,16.10265350341797,1693.3391962051392
1,sg-cgan,5,4,3,150,133,0.8866666666666667,16.10265350341797,1693.3391962051392
1,sg-cgan,5,4,4,200,196,0.98,16.10265350341797,1693.3391962051392
1,sg-cgan,5,5,1,350,170,0.4857142857142857,15.6709303855896,1684.9894654750824
1,sg-cgan,5,5,2,200,29,0.145,15.6709303855896,1684.9894654750824
1,sg-cgan,5,5,3,150,127,0.8466666666666667,15.6709303855896,1684.9894654750824
1,sg-cgan,5,5,4,200,165,0.825,15.6709303855896,1684.9894654750824
1,sg-cgan,5,5,5,300,291,0.97,15.6709303855896,1684.9894654750824
1,sg-cwgan,5,1,1,350,349,0.9971428571428571,12.043726682662964,1210.5264072418213
1,sg-cwgan,5,2,1,350,0,0.0,15.681328296661377,2363.4276790618896
1,sg-cwgan,5,2,2,200,200,1.0,15.681328296661377,2363.4276790618896
1,sg-cwgan,5,3,1,350,5,0.014285714285714285,15.334248542785645,2368.4215133190155
1,sg-cwgan,5,3,2,200,19,0.095,15.334248542785645,2368.4215133190155
1,sg-cwgan,5,3,3,150,148,0.9866666666666667,15.334248542785645,2368.4215133190155
1,sg-cwgan,5,4,1,350,0,0.0,15.546834468841553,2364.345558166504
1,sg-cwgan,5,4,2,200,1,0.005,15.546834468841553,2364.345558166504
1,sg-cwgan,5,4,3,150,20,0.13333333333333333,15.546834468841553,2364.345558166504
1,sg-cwgan,5,4,4,200,197,0.985,15.546834468841553,2364.345558166504
1,sg-cwgan,5,5,1,350,166,0.4742857142857143,15.959854125976562,2379.728446483612
1,sg-cwgan,5,5,2,200,0,0.0,15.959854125976562,2379.728446483612
1,sg-cwgan,5,5,3,150,80,0.5333333333333333,15.959854125976562,2379.728446483612
1,sg-cwgan,5,5,4,200,67,0.335,15.959854125976562,2379.728446483612
1,sg-cwgan,5,5,5,300,297,0.99,15.959854125976562,2379.728446483612
1,offline,6,5,1,350,327,0.9342857142857143,15.959854125976562,2379.728446483612
1,offline,6,5,2,200,184,0.92,15.959854125976562,2379.728446483612
1,offline,6,5,3,150,137,0.9133333333333333,15.959854125976562,2379.728446483612
1,offline,6,5,4,200,168,0.84,15.959854125976562,2379.728446483612
1,offline,6,5,5,300,254,0.8466666666666667,15.959854125976562,2379.728446483612
1,sg-cgan,6,1,1,350,349,0.9971428571428571,13.984009504318237,988.0707869529724
1,sg-cgan,6,2,1,350,289,0.8257142857142857,19.99901056289673,1873.990907907486
1,sg-cgan,6,2,2,200,197,0.985,19.99901056289673,1873.990907907486
1,sg-cgan,6,3,1,350,191,0.5457142857142857,17.719917058944702,1919.5194323062897
1,sg-cgan,6,3,2,200,183,0.915,17.719917058944702,1919.5194323062897
1,sg-cgan,6,3,3,150,143,0.9533333333333334,17.719917058944702,1919.5194323062897
1,sg-cgan,6,4,1,350,153,0.43714285714285717,19.07448697090149,1926.6398916244507
1,sg-cgan,6,4,2,200,167,0.835,19.07448697090149,1926.6398916244507
1,sg-cgan,6,4,3,150,142,0.9466666666666667,19.07448697090149,1926.6398916244507
1,sg-cgan,6,4,4,200,181,0.905,19.07448697090149,1926.6398916244507
1,sg-cgan,6,5,1,350,147,0.42,10.891578197479248,1836.6277995109558
1,sg-cgan,6,5,2,200,77,0.385,10.891578197479248,1836.6277995109558
1,sg-cgan,6,5,3,150,139,0.9266666666666666,10.891578197479248,1836.6277995109558
1,sg-cgan,6,5,4,200,176,0.88,10.891578197479248,1836.6277995109558
1,sg-cgan,6,5,5,300,263,0.8766666666666667,10.891578197479248,1836.6277995109558
1,sg-cwgan,6,1,1,350,349,0.9971428571428571,14.313717126846313,1367.2546045780182
1,sg-cwgan,6,2,1,350,36,0.10285714285714286,19.803529739379883,2629.5764694213867
1,sg-cwgan,6,2,2,200,200,1.0,19.803529739379883,2629.5764694213867
1,sg-cwgan,6,3,1,350,17,0.04857142857142857,17.911558628082275,2749.7880458831787
1,sg-cwgan,6,3,2,200,118,0.59,17.911558628082275,2749.7880458831787
1,sg-cwgan,6,3,3,150,142,0.9466666666666667,17.911558628082275,2749.7880458831787
1,sg-cwgan,6,4,1,350,2,0.005714285714285714,19.126275539398193,2615.7460746765137
1,sg-cwgan,6,4,2,200,78,0.39,19.126275539398193,2615.7460746765137
1,sg-cwgan,6,4,3,150,111,0.74,19.126275539398193,2615.7460746765137
1,sg-cwgan,6,4,4,200,152,0.76,19.126275539398193,2615.7460746765137
1,sg-cwgan,6,5,1,350,0,0.0,19.444751501083374,2722.919080734253
1,sg-cwgan,6,5,2,200,17,0.085,19.444751501083374,2722.919080734253
1,sg-cwgan,6,5,3,150,113,0.7533333333333333,19.444751501083374,2722.919080734253
1,sg-cwgan,6,5,4,200,141,0.705,19.444751501083374,2722.919080734253
1,sg-cwgan,6,5,5,300,274,0.9133333333333333,19.444751501083374,2722.919080734253