task_order, method, cmd, train_session, task_index, no_of_test, no_of_correct_prediction, accuracy, solver_training_time, generator_training_time
0,offline,3,None,1,150,139,0.9266666666666666,None,None
0,offline,3,None,2,150,50,0.3333333333333333,None,None
0,offline,3,None,3,150,148,0.9866666666666667,None,None
0,offline,3,None,4,150,82,0.5466666666666666,None,None
0,offline,3,None,5,150,150,1.0,None,None
0,mp-gan,3,1,1,150,150,1.0,2.066891670227051,126.47336554527283
0,mp-gan,3,2,1,150,95,0.6333333333333333,4.226929187774658,126.15410733222961
0,mp-gan,3,2,2,150,0,0.0,4.226929187774658,126.15410733222961
0,mp-gan,3,3,1,150,0,0.0,4.189772605895996,125.91493034362793
0,mp-gan,3,3,2,150,0,0.0,4.189772605895996,125.91493034362793
0,mp-gan,3,3,3,150,146,0.9733333333333334,4.189772605895996,125.91493034362793
0,mp-gan,3,4,1,150,0,0.0,4.252666473388672,125.36559772491455
0,mp-gan,3,4,2,150,0,0.0,4.252666473388672,125.36559772491455
0,mp-gan,3,4,3,150,149,0.9933333333333333,4.252666473388672,125.36559772491455
0,mp-gan,3,4,4,150,128,0.8533333333333334,4.252666473388672,125.36559772491455
0,mp-gan,3,5,1,150,0,0.0,4.2177252769470215,125.70677995681763
0,mp-gan,3,5,2,150,0,0.0,4.2177252769470215,125.70677995681763
0,mp-gan,3,5,3,150,145,0.9666666666666667,4.2177252769470215,125.70677995681763
0,mp-gan,3,5,4,150,42,0.28,4.2177252769470215,125.70677995681763
0,mp-gan,3,5,5,150,143,0.9533333333333334,4.2177252769470215,125.70677995681763
0,mp-wgan,3,1,1,150,150,1.0,2.0623347759246826,244.0493187904358
0,mp-wgan,3,2,1,150,97,0.6466666666666666,4.311316967010498,240.15866804122925
0,mp-wgan,3,2,2,150,0,0.0,4.311316967010498,240.15866804122925
0,mp-wgan,3,3,1,150,0,0.0,4.287861347198486,226.52440357208252
0,mp-wgan,3,3,2,150,0,0.0,4.287861347198486,226.52440357208252
0,mp-wgan,3,3,3,150,149,0.9933333333333333,4.287861347198486,226.52440357208252
0,mp-wgan,3,4,1,150,0,0.0,4.242825746536255,282.10242891311646
0,mp-wgan,3,4,2,150,0,0.0,4.242825746536255,282.10242891311646
0,mp-wgan,3,4,3,150,60,0.4,4.242825746536255,282.10242891311646
0,mp-wgan,3,4,4,150,150,1.0,4.242825746536255,282.10242891311646
0,mp-wgan,3,5,1,150,0,0.0,4.2666144371032715,224.67992568016052
0,mp-wgan,3,5,2,150,0,0.0,4.2666144371032715,224.67992568016052
0,mp-wgan,3,5,3,150,23,0.15333333333333332,4.2666144371032715,224.67992568016052
0,mp-wgan,3,5,4,150,96,0.64,4.2666144371032715,224.67992568016052
0,mp-wgan,3,5,5,150,145,0.9666666666666667,4.2666144371032715,224.67992568016052
1,offline,3,None,1,150,78,0.52,None,None
1,offline,3,None,2,150,150,1.0,None,None
1,offline,3,None,3,150,143,0.9533333333333334,None,None
1,offline,3,None,4,150,26,0.17333333333333334,None,None
1,offline,3,None,5,150,116,0.7733333333333333,None,None
1,mp-gan,3,1,1,150,150,1.0,2.0649750232696533,125.93885660171509
1,mp-gan,3,2,1,150,150,1.0,4.221499919891357,126.58865427970886
1,mp-gan,3,2,2,150,150,1.0,4.221499919891357,126.58865427970886
1,mp-gan,3,3,1,150,143,0.9533333333333334,4.317357063293457,124.99614906311035
1,mp-gan,3,3,2,150,72,0.48,4.317357063293457,124.99614906311035
1,mp-gan,3,3,3,150,42,0.28,4.317357063293457,124.99614906311035
1,mp-gan,3,4,1,150,137,0.9133333333333333,4.253990650177002,126.32632207870483
1,mp-gan,3,4,2,150,73,0.4866666666666667,4.253990650177002,126.32632207870483
1,mp-gan,3,4,3,150,51,0.34,4.253990650177002,126.32632207870483
1,mp-gan,3,4,4,150,74,0.49333333333333335,4.253990650177002,126.32632207870483
1,mp-gan,3,5,1,150,138,0.92,4.268106460571289,126.47104024887085
1,mp-gan,3,5,2,150,76,0.5066666666666667,4.268106460571289,126.47104024887085
1,mp-gan,3,5,3,150,39,0.26,4.268106460571289,126.47104024887085
1,mp-gan,3,5,4,150,56,0.37333333333333335,4.268106460571289,126.47104024887085
1,mp-gan,3,5,5,150,67,0.44666666666666666,4.268106460571289,126.47104024887085
1,mp-wgan,3,1,1,150,150,1.0,2.069586992263794,228.09643411636353
1,mp-wgan,3,2,1,150,85,0.5666666666666667,4.229224920272827,225.0970697402954
1,mp-wgan,3,2,2,150,150,1.0,4.229224920272827,225.0970697402954
1,mp-wgan,3,3,1,150,57,0.38,4.253310918807983,226.61463403701782
1,mp-wgan,3,3,2,150,62,0.41333333333333333,4.253310918807983,226.61463403701782
1,mp-wgan,3,3,3,150,150,1.0,4.253310918807983,226.61463403701782
1,mp-wgan,3,4,1,150,30,0.2,4.255641460418701,249.55850982666016
1,mp-wgan,3,4,2,150,57,0.38,4.255641460418701,249.55850982666016
1,mp-wgan,3,4,3,150,0,0.0,4.255641460418701,249.55850982666016
1,mp-wgan,3,4,4,150,150,1.0,4.255641460418701,249.55850982666016
1,mp-wgan,3,5,1,150,28,0.18666666666666668,4.261728763580322,225.11323380470276
1,mp-wgan,3,5,2,150,3,0.02,4.261728763580322,225.11323380470276
1,mp-wgan,3,5,3,150,0,0.0,4.261728763580322,225.11323380470276
1,mp-wgan,3,5,4,150,16,0.10666666666666667,4.261728763580322,225.11323380470276
1,mp-wgan,3,5,5,150,148,0.9866666666666667,4.261728763580322,225.11323380470276
2,offline,3,None,1,200,91,0.455,None,None
2,offline,3,None,2,200,200,1.0,None,None
2,offline,3,None,3,150,97,0.6466666666666666,None,None
2,offline,3,None,4,150,72,0.48,None,None
2,offline,3,None,5,150,77,0.5133333333333333,None,None
2,mp-gan,3,1,1,200,171,0.855,2.052520275115967,126.95434546470642
2,mp-gan,3,2,1,200,167,0.835,4.2222065925598145,125.94566559791565
2,mp-gan,3,2,2,200,200,1.0,4.2222065925598145,125.94566559791565
2,mp-gan,3,3,1,200,12,0.06,4.294949054718018,126.53853797912598
2,mp-gan,3,3,2,200,126,0.63,4.294949054718018,126.53853797912598
2,mp-gan,3,3,3,150,150,1.0,4.294949054718018,126.53853797912598
2,mp-gan,3,4,1,200,14,0.07,4.305119276046753,126.98654198646545
2,mp-gan,3,4,2,200,95,0.475,4.305119276046753,126.98654198646545
2,mp-gan,3,4,3,150,34,0.22666666666666666,4.305119276046753,126.98654198646545
2,mp-gan,3,4,4,150,142,0.9466666666666667,4.305119276046753,126.98654198646545
2,mp-gan,3,5,1,200,17,0.085,4.324584007263184,127.68267250061035
2,mp-gan,3,5,2,200,62,0.31,4.324584007263184,127.68267250061035
2,mp-gan,3,5,3,150,74,0.49333333333333335,4.324584007263184,127.68267250061035
2,mp-gan,3,5,4,150,74,0.49333333333333335,4.324584007263184,127.68267250061035
2,mp-gan,3,5,5,150,140,0.9333333333333333,4.324584007263184,127.68267250061035
2,mp-wgan,3,1,1,200,169,0.845,2.020380973815918,225.73432660102844
2,mp-wgan,3,2,1,200,118,0.59,4.298419237136841,225.94984674453735
2,mp-wgan,3,2,2,200,200,1.0,4.298419237136841,225.94984674453735
2,mp-wgan,3,3,1,200,16,0.08,4.271783828735352,243.4462640285492
2,mp-wgan,3,3,2,200,79,0.395,4.271783828735352,243.4462640285492
2,mp-wgan,3,3,3,150,149,0.9933333333333333,4.271783828735352,243.4462640285492
2,mp-wgan,3,4,1,200,17,0.085,4.265534400939941,226.63255667686462
2,mp-wgan,3,4,2,200,70,0.35,4.265534400939941,226.63255667686462
2,mp-wgan,3,4,3,150,0,0.0,4.265534400939941,226.63255667686462
2,mp-wgan,3,4,4,150,150,1.0,4.265534400939941,226.63255667686462
2,mp-wgan,3,5,1,200,66,0.33,4.31647253036499,227.95988249778748
2,mp-wgan,3,5,2,200,23,0.115,4.31647253036499,227.95988249778748
2,mp-wgan,3,5,3,150,0,0.0,4.31647253036499,227.95988249778748
2,mp-wgan,3,5,4,150,115,0.7666666666666667,4.31647253036499,227.95988249778748
2,mp-wgan,3,5,5,150,121,0.8066666666666666,4.31647253036499,227.95988249778748
3,offline,3,None,1,150,94,0.6266666666666667,None,None
3,offline,3,None,2,150,74,0.49333333333333335,None,None
3,offline,3,None,3,150,146,0.9733333333333334,None,None
3,offline,3,None,4,150,73,0.4866666666666667,None,None
3,offline,3,None,5,150,133,0.8866666666666667,None,None
3,mp-gan,3,1,1,150,150,1.0,2.021862506866455,126.95118570327759
3,mp-gan,3,2,1,150,84,0.56,4.292701721191406,125.50473952293396
3,mp-gan,3,2,2,150,146,0.9733333333333334,4.292701721191406,125.50473952293396
3,mp-gan,3,3,1,150,87,0.58,4.223180532455444,126.44917225837708
3,mp-gan,3,3,2,150,146,0.9733333333333334,4.223180532455444,126.44917225837708
3,mp-gan,3,3,3,150,127,0.8466666666666667,4.223180532455444,126.44917225837708
3,mp-gan,3,4,1,150,52,0.3466666666666667,4.326056480407715,127.0137836933136
3,mp-gan,3,4,2,150,97,0.6466666666666666,4.326056480407715,127.0137836933136
3,mp-gan,3,4,3,150,70,0.4666666666666667,4.326056480407715,127.0137836933136
3,mp-gan,3,4,4,150,138,0.92,4.326056480407715,127.0137836933136
3,mp-gan,3,5,1,150,19,0.12666666666666668,4.274589776992798,126.58790230751038
3,mp-gan,3,5,2,150,79,0.5266666666666666,4.274589776992798,126.58790230751038
3,mp-gan,3,5,3,150,42,0.28,4.274589776992798,126.58790230751038
3,mp-gan,3,5,4,150,0,0.0,4.274589776992798,126.58790230751038
3,mp-gan,3,5,5,150,150,1.0,4.274589776992798,126.58790230751038
3,mp-wgan,3,1,1,150,150,1.0,2.0296761989593506,247.94643592834473
3,mp-wgan,3,2,1,150,4,0.02666666666666667,4.325410842895508,248.12074160575867
3,mp-wgan,3,2,2,150,150,1.0,4.325410842895508,248.12074160575867
3,mp-wgan,3,3,1,150,71,0.47333333333333333,4.252690076828003,239.51669311523438
3,mp-wgan,3,3,2,150,0,0.0,4.252690076828003,239.51669311523438
3,mp-wgan,3,3,3,150,149,0.9933333333333333,4.252690076828003,239.51669311523438
3,mp-wgan,3,4,1,150,47,0.31333333333333335,4.301628828048706,226.2446231842041
3,mp-wgan,3,4,2,150,0,0.0,4.301628828048706,226.2446231842041
3,mp-wgan,3,4,3,150,56,0.37333333333333335,4.301628828048706,226.2446231842041
3,mp-wgan,3,4,4,150,120,0.8,4.301628828048706,226.2446231842041
3,mp-wgan,3,5,1,150,13,0.08666666666666667,4.271509647369385,295.8734405040741
3,mp-wgan,3,5,2,150,0,0.0,4.271509647369385,295.8734405040741
3,mp-wgan,3,5,3,150,11,0.07333333333333333,4.271509647369385,295.8734405040741
3,mp-wgan,3,5,4,150,2,0.013333333333333334,4.271509647369385,295.8734405040741
3,mp-wgan,3,5,5,150,130,0.8666666666666667,4.271509647369385,295.8734405040741
4,offline,3,None,1,150,72,0.48,None,None
4,offline,3,None,2,150,124,0.8266666666666667,None,None
4,offline,3,None,3,150,145,0.9666666666666667,None,None
4,offline,3,None,4,150,139,0.9266666666666666,None,None
4,offline,3,None,5,150,73,0.4866666666666667,None,None
4,mp-gan,3,1,1,150,83,0.5533333333333333,2.0418753623962402,126.7059977054596
4,mp-gan,3,2,1,150,21,0.14,4.198483467102051,126.41093277931213
4,mp-gan,3,2,2,150,150,1.0,4.198483467102051,126.41093277931213
4,mp-gan,3,3,1,150,80,0.5333333333333333,4.191577434539795,126.3721182346344
4,mp-gan,3,3,2,150,2,0.013333333333333334,4.191577434539795,126.3721182346344
4,mp-gan,3,3,3,150,150,1.0,4.191577434539795,126.3721182346344
4,mp-gan,3,4,1,150,78,0.52,4.273322343826294,125.81459140777588
4,mp-gan,3,4,2,150,2,0.013333333333333334,4.273322343826294,125.81459140777588
4,mp-gan,3,4,3,150,141,0.94,4.273322343826294,125.81459140777588
4,mp-gan,3,4,4,150,99,0.66,4.273322343826294,125.81459140777588
4,mp-gan,3,5,1,150,17,0.11333333333333333,4.30186653137207,127.09553551673889
4,mp-gan,3,5,2,150,3,0.02,4.30186653137207,127.09553551673889
4,mp-gan,3,5,3,150,135,0.9,4.30186653137207,127.09553551673889
4,mp-gan,3,5,4,150,73,0.4866666666666667,4.30186653137207,127.09553551673889
4,mp-gan,3,5,5,150,113,0.7533333333333333,4.30186653137207,127.09553551673889
4,mp-wgan,3,1,1,150,83,0.5533333333333333,2.028116464614868,228.7958574295044
4,mp-wgan,3,2,1,150,4,0.02666666666666667,4.225221872329712,228.32133650779724
4,mp-wgan,3,2,2,150,150,1.0,4.225221872329712,228.32133650779724
4,mp-wgan,3,3,1,150,18,0.12,4.286924123764038,226.36142015457153
4,mp-wgan,3,3,2,150,13,0.08666666666666667,4.286924123764038,226.36142015457153
4,mp-wgan,3,3,3,150,150,1.0,4.286924123764038,226.36142015457153
4,mp-wgan,3,4,1,150,67,0.44666666666666666,4.289279937744141,226.22812485694885
4,mp-wgan,3,4,2,150,1,0.006666666666666667,4.289279937744141,226.22812485694885
4,mp-wgan,3,4,3,150,122,0.8133333333333334,4.289279937744141,226.22812485694885
4,mp-wgan,3,4,4,150,116,0.7733333333333333,4.289279937744141,226.22812485694885
4,mp-wgan,3,5,1,150,2,0.013333333333333334,4.25570821762085,226.63597679138184
4,mp-wgan,3,5,2,150,0,0.0,4.25570821762085,226.63597679138184
4,mp-wgan,3,5,3,150,82,0.5466666666666666,4.25570821762085,226.63597679138184
4,mp-wgan,3,5,4,150,39,0.26,4.25570821762085,226.63597679138184
4,mp-wgan,3,5,5,150,150,1.0,4.25570821762085,226.63597679138184
5,offline,3,None,1,150,94,0.6266666666666667,None,None
5,offline,3,None,2,150,97,0.6466666666666666,None,None
5,offline,3,None,3,150,91,0.6066666666666667,None,None
5,offline,3,None,4,150,79,0.5266666666666666,None,None
5,offline,3,None,5,150,148,0.9866666666666667,None,None
5,mp-gan,3,1,1,150,148,0.9866666666666667,2.057297468185425,127.87591028213501
5,mp-gan,3,2,1,150,77,0.5133333333333333,4.229904651641846,125.77460193634033
5,mp-gan,3,2,2,150,73,0.4866666666666667,4.229904651641846,125.77460193634033
5,mp-gan,3,3,1,150,53,0.35333333333333333,4.2234206199646,126.25759601593018
5,mp-gan,3,3,2,150,27,0.18,4.2234206199646,126.25759601593018
5,mp-gan,3,3,3,150,149,0.9933333333333333,4.2234206199646,126.25759601593018
5,mp-gan,3,4,1,150,58,0.38666666666666666,4.341431617736816,127.85639190673828
5,mp-gan,3,4,2,150,15,0.1,4.341431617736816,127.85639190673828
5,mp-gan,3,4,3,150,92,0.6133333333333333,4.341431617736816,127.85639190673828
5,mp-gan,3,4,4,150,143,0.9533333333333334,4.341431617736816,127.85639190673828
5,mp-gan,3,5,1,150,35,0.23333333333333334,4.348753213882446,126.75323367118835
5,mp-gan,3,5,2,150,31,0.20666666666666667,4.348753213882446,126.75323367118835
5,mp-gan,3,5,3,150,126,0.84,4.348753213882446,126.75323367118835
5,mp-gan,3,5,4,150,112,0.7466666666666667,4.348753213882446,126.75323367118835
5,mp-gan,3,5,5,150,146,0.9733333333333334,4.348753213882446,126.75323367118835
5,mp-wgan,3,1,1,150,148,0.9866666666666667,2.0054218769073486,235.5197434425354
5,mp-wgan,3,2,1,150,76,0.5066666666666667,4.227877378463745,228.34681248664856
5,mp-wgan,3,2,2,150,73,0.4866666666666667,4.227877378463745,228.34681248664856
5,mp-wgan,3,3,1,150,28,0.18666666666666668,4.219282388687134,228.2142195701599
5,mp-wgan,3,3,2,150,1,0.006666666666666667,4.219282388687134,228.2142195701599
5,mp-wgan,3,3,3,150,150,1.0,4.219282388687134,228.2142195701599
5,mp-wgan,3,4,1,150,11,0.07333333333333333,4.2082953453063965,225.80842518806458
5,mp-wgan,3,4,2,150,0,0.0,4.2082953453063965,225.80842518806458
5,mp-wgan,3,4,3,150,9,0.06,4.2082953453063965,225.80842518806458
5,mp-wgan,3,4,4,150,150,1.0,4.2082953453063965,225.80842518806458
5,mp-wgan,3,5,1,150,8,0.05333333333333334,4.315770387649536,226.0057933330536
5,mp-wgan,3,5,2,150,0,0.0,4.315770387649536,226.0057933330536
5,mp-wgan,3,5,3,150,2,0.013333333333333334,4.315770387649536,226.0057933330536
5,mp-wgan,3,5,4,150,17,0.11333333333333333,4.315770387649536,226.0057933330536
5,mp-wgan,3,5,5,150,150,1.0,4.315770387649536,226.0057933330536
6,offline,3,None,1,150,33,0.22,None,None
6,offline,3,None,2,150,125,0.8333333333333334,None,None
6,offline,3,None,3,200,154,0.77,None,None
6,offline,3,None,4,150,55,0.36666666666666664,None,None
6,offline,3,None,5,150,144,0.96,None,None
6,mp-gan,3,1,1,150,150,1.0,2.0539207458496094,127.38938450813293
6,mp-gan,3,2,1,150,113,0.7533333333333333,4.259984016418457,126.82048416137695
6,mp-gan,3,2,2,150,133,0.8866666666666667,4.259984016418457,126.82048416137695
6,mp-gan,3,3,1,150,41,0.2733333333333333,4.328549861907959,126.88061690330505
6,mp-gan,3,3,2,150,0,0.0,4.328549861907959,126.88061690330505
6,mp-gan,3,3,3,200,199,0.995,4.328549861907959,126.88061690330505
6,mp-gan,3,4,1,150,4,0.02666666666666667,4.28777289390564,127.04946327209473
6,mp-gan,3,4,2,150,0,0.0,4.28777289390564,127.04946327209473
6,mp-gan,3,4,3,200,99,0.495,4.28777289390564,127.04946327209473
6,mp-gan,3,4,4,150,150,1.0,4.28777289390564,127.04946327209473
6,mp-gan,3,5,1,150,74,0.49333333333333335,4.325264930725098,127.11975598335266
6,mp-gan,3,5,2,150,0,0.0,4.325264930725098,127.11975598335266
6,mp-gan,3,5,3,200,97,0.485,4.325264930725098,127.11975598335266
6,mp-gan,3,5,4,150,72,0.48,4.325264930725098,127.11975598335266
6,mp-gan,3,5,5,150,124,0.8266666666666667,4.325264930725098,127.11975598335266
6,mp-wgan,3,1,1,150,150,1.0,2.0314764976501465,225.03043675422668
6,mp-wgan,3,2,1,150,0,0.0,4.2939910888671875,225.9242491722107
6,mp-wgan,3,2,2,150,150,1.0,4.2939910888671875,225.9242491722107
6,mp-wgan,3,3,1,150,0,0.0,4.269733667373657,224.59951376914978
6,mp-wgan,3,3,2,150,0,0.0,4.269733667373657,224.59951376914978
6,mp-wgan,3,3,3,200,199,0.995,4.269733667373657,224.59951376914978
6,mp-wgan,3,4,1,150,0,0.0,4.2801408767700195,240.79948377609253
6,mp-wgan,3,4,2,150,0,0.0,4.2801408767700195,240.79948377609253
6,mp-wgan,3,4,3,200,139,0.695,4.2801408767700195,240.79948377609253
6,mp-wgan,3,4,4,150,150,1.0,4.2801408767700195,240.79948377609253
6,mp-wgan,3,5,1,150,0,0.0,4.385766983032227,225.3730821609497
6,mp-wgan,3,5,2,150,0,0.0,4.385766983032227,225.3730821609497
6,mp-wgan,3,5,3,200,129,0.645,4.385766983032227,225.3730821609497
6,mp-wgan,3,5,4,150,94,0.6266666666666667,4.385766983032227,225.3730821609497
6,mp-wgan,3,5,5,150,122,0.8133333333333334,4.385766983032227,225.3730821609497
7,offline,3,None,1,150,65,0.43333333333333335,None,None
7,offline,3,None,2,150,124,0.8266666666666667,None,None
7,offline,3,None,3,150,70,0.4666666666666667,None,None
7,offline,3,None,4,150,150,1.0,None,None
7,offline,3,None,5,150,134,0.8933333333333333,None,None
7,mp-gan,3,1,1,150,150,1.0,2.066633462905884,127.58075308799744
7,mp-gan,3,2,1,150,66,0.44,4.198007106781006,125.3892457485199
7,mp-gan,3,2,2,150,148,0.9866666666666667,4.198007106781006,125.3892457485199
7,mp-gan,3,3,1,150,62,0.41333333333333333,4.251836538314819,125.87713599205017
7,mp-gan,3,3,2,150,132,0.88,4.251836538314819,125.87713599205017
7,mp-gan,3,3,3,150,0,0.0,4.251836538314819,125.87713599205017
7,mp-gan,3,4,1,150,103,0.6866666666666666,4.297641754150391,125.06434321403503
7,mp-gan,3,4,2,150,121,0.8066666666666666,4.297641754150391,125.06434321403503
7,mp-gan,3,4,3,150,0,0.0,4.297641754150391,125.06434321403503
7,mp-gan,3,4,4,150,64,0.4266666666666667,4.297641754150391,125.06434321403503
7,mp-gan,3,5,1,150,113,0.7533333333333333,4.315702199935913,127.05661463737488
7,mp-gan,3,5,2,150,39,0.26,4.315702199935913,127.05661463737488
7,mp-gan,3,5,3,150,0,0.0,4.315702199935913,127.05661463737488
7,mp-gan,3,5,4,150,55,0.36666666666666664,4.315702199935913,127.05661463737488
7,mp-gan,3,5,5,150,150,1.0,4.315702199935913,127.05661463737488
7,mp-wgan,3,1,1,150,150,1.0,2.0691215991973877,254.6845908164978
7,mp-wgan,3,2,1,150,0,0.0,4.19590425491333,245.55840182304382
7,mp-wgan,3,2,2,150,150,1.0,4.19590425491333,245.55840182304382
7,mp-wgan,3,3,1,150,0,0.0,4.2369396686553955,325.0334117412567
7,mp-wgan,3,3,2,150,115,0.7666666666666667,4.2369396686553955,325.0334117412567
7,mp-wgan,3,3,3,150,0,0.0,4.2369396686553955,325.0334117412567
7,mp-wgan,3,4,1,150,0,0.0,4.309517860412598,225.00684690475464
7,mp-wgan,3,4,2,150,67,0.44666666666666666,4.309517860412598,225.00684690475464
7,mp-wgan,3,4,3,150,0,0.0,4.309517860412598,225.00684690475464
7,mp-wgan,3,4,4,150,149,0.9933333333333333,4.309517860412598,225.00684690475464
7,mp-wgan,3,5,1,150,0,0.0,4.269970178604126,225.73201370239258
7,mp-wgan,3,5,2,150,0,0.0,4.269970178604126,225.73201370239258
7,mp-wgan,3,5,3,150,0,0.0,4.269970178604126,225.73201370239258
7,mp-wgan,3,5,4,150,4,0.02666666666666667,4.269970178604126,225.73201370239258
7,mp-wgan,3,5,5,150,150,1.0,4.269970178604126,225.73201370239258
8,offline,3,None,1,150,76,0.5066666666666667,None,None
8,offline,3,None,2,150,142,0.9466666666666667,None,None
8,offline,3,None,3,150,116,0.7733333333333333,None,None
8,offline,3,None,4,200,97,0.485,None,None
8,offline,3,None,5,150,104,0.6933333333333334,None,None
8,mp-gan,3,1,1,150,150,1.0,2.034295082092285,127.65148091316223
8,mp-gan,3,2,1,150,105,0.7,4.3282294273376465,127.26545453071594
8,mp-gan,3,2,2,150,149,0.9933333333333333,4.3282294273376465,127.26545453071594
8,mp-gan,3,3,1,150,73,0.4866666666666667,4.342592716217041,127.3229866027832
8,mp-gan,3,3,2,150,80,0.5333333333333333,4.342592716217041,127.3229866027832
8,mp-gan,3,3,3,150,4,0.02666666666666667,4.342592716217041,127.3229866027832
8,mp-gan,3,4,1,150,74,0.49333333333333335,4.33363938331604,125.72350740432739
8,mp-gan,3,4,2,150,74,0.49333333333333335,4.33363938331604,125.72350740432739
8,mp-gan,3,4,3,150,0,0.0,4.33363938331604,125.72350740432739
8,mp-gan,3,4,4,200,115,0.575,4.33363938331604,125.72350740432739
8,mp-gan,3,5,1,150,73,0.4866666666666667,4.264987945556641,126.61160969734192
8,mp-gan,3,5,2,150,75,0.5,4.264987945556641,126.61160969734192
8,mp-gan,3,5,3,150,0,0.0,4.264987945556641,126.61160969734192
8,mp-gan,3,5,4,200,99,0.495,4.264987945556641,126.61160969734192
8,mp-gan,3,5,5,150,101,0.6733333333333333,4.264987945556641,126.61160969734192
8,mp-wgan,3,1,1,150,150,1.0,2.079869270324707,226.26105093955994
8,mp-wgan,3,2,1,150,15,0.1,4.254549741744995,225.760413646698
8,mp-wgan,3,2,2,150,149,0.9933333333333333,4.254549741744995,225.760413646698
8,mp-wgan,3,3,1,150,62,0.41333333333333333,4.256073951721191,225.96694421768188
8,mp-wgan,3,3,2,150,70,0.4666666666666667,4.256073951721191,225.96694421768188
8,mp-wgan,3,3,3,150,0,0.0,4.256073951721191,225.96694421768188
8,mp-wgan,3,4,1,150,0,0.0,4.319174289703369,230.07398223876953
8,mp-wgan,3,4,2,150,0,0.0,4.319174289703369,230.07398223876953
8,mp-wgan,3,4,3,150,0,0.0,4.319174289703369,230.07398223876953
8,mp-wgan,3,4,4,200,200,1.0,4.319174289703369,230.07398223876953
8,mp-wgan,3,5,1,150,0,0.0,4.296462297439575,228.75272011756897
8,mp-wgan,3,5,2,150,0,0.0,4.296462297439575,228.75272011756897
8,mp-wgan,3,5,3,150,0,0.0,4.296462297439575,228.75272011756897
8,mp-wgan,3,5,4,200,158,0.79,4.296462297439575,228.75272011756897
8,mp-wgan,3,5,5,150,75,0.5,4.296462297439575,228.75272011756897
9,offline,3,None,1,150,70,0.4666666666666667,None,None
9,offline,3,None,2,150,132,0.88,None,None
9,offline,3,None,3,150,136,0.9066666666666666,None,None
9,offline,3,None,4,150,148,0.9866666666666667,None,None
9,offline,3,None,5,200,86,0.43,None,None
9,mp-gan,3,1,1,150,150,1.0,2.0389702320098877,126.51174688339233
9,mp-gan,3,2,1,150,123,0.82,4.295820236206055,125.87096524238586
9,mp-gan,3,2,2,150,150,1.0,4.295820236206055,125.87096524238586
9,mp-gan,3,3,1,150,89,0.5933333333333334,4.318707704544067,126.76825165748596
9,mp-gan,3,3,2,150,84,0.56,4.318707704544067,126.76825165748596
9,mp-gan,3,3,3,150,74,0.49333333333333335,4.318707704544067,126.76825165748596
9,mp-gan,3,4,1,150,107,0.7133333333333334,4.265201568603516,126.2103853225708
9,mp-gan,3,4,2,150,16,0.10666666666666667,4.265201568603516,126.2103853225708
9,mp-gan,3,4,3,150,77,0.5133333333333333,4.265201568603516,126.2103853225708
9,mp-gan,3,4,4,150,146,0.9733333333333334,4.265201568603516,126.2103853225708
9,mp-gan,3,5,1,150,80,0.5333333333333333,4.2676918506622314,125.39347791671753
9,mp-gan,3,5,2,150,0,0.0,4.2676918506622314,125.39347791671753
9,mp-gan,3,5,3,150,77,0.5133333333333333,4.2676918506622314,125.39347791671753
9,mp-gan,3,5,4,150,77,0.5133333333333333,4.2676918506622314,125.39347791671753
9,mp-gan,3,5,5,200,10,0.05,4.2676918506622314,125.39347791671753
9,mp-wgan,3,1,1,150,150,1.0,2.0294811725616455,236.1173062324524
9,mp-wgan,3,2,1,150,17,0.11333333333333333,4.282679557800293,226.01271796226501
9,mp-wgan,3,2,2,150,150,1.0,4.282679557800293,226.01271796226501
9,mp-wgan,3,3,1,150,0,0.0,4.2712366580963135,227.82733464241028
9,mp-wgan,3,3,2,150,82,0.5466666666666666,4.2712366580963135,227.82733464241028
9,mp-wgan,3,3,3,150,72,0.48,4.2712366580963135,227.82733464241028
9,mp-wgan,3,4,1,150,0,0.0,4.309067010879517,231.09329175949097
9,mp-wgan,3,4,2,150,75,0.5,4.309067010879517,231.09329175949097
9,mp-wgan,3,4,3,150,30,0.2,4.309067010879517,231.09329175949097
9,mp-wgan,3,4,4,150,133,0.8866666666666667,4.309067010879517,231.09329175949097
9,mp-wgan,3,5,1,150,0,0.0,4.339609146118164,226.24075293540955
9,mp-wgan,3,5,2,150,79,0.5266666666666666,4.339609146118164,226.24075293540955
9,mp-wgan,3,5,3,150,38,0.25333333333333335,4.339609146118164,226.24075293540955
9,mp-wgan,3,5,4,150,129,0.86,4.339609146118164,226.24075293540955
9,mp-wgan,3,5,5,200,0,0.0,4.339609146118164,226.24075293540955
