task_order, method, cmd, train_session, task_index, no_of_test, no_of_correct_prediction, accuracy, solver_training_time, generator_training_time
0,offline,0,None,1,150,115,0.7666666666666667,None,None
0,offline,0,None,2,150,50,0.3333333333333333,None,None
0,offline,0,None,3,150,148,0.9866666666666667,None,None
0,offline,0,None,4,150,79,0.5266666666666666,None,None
0,offline,0,None,5,150,146,0.9733333333333334,None,None
0,none,0,1,1,150,150,1.0,2.4123451709747314,3.337860107421875e-06
0,none,0,2,1,150,98,0.6533333333333333,2.962993621826172,2.1457672119140625e-06
0,none,0,2,2,150,0,0.0,2.962993621826172,2.1457672119140625e-06
0,none,0,3,1,150,0,0.0,2.9839272499084473,1.9073486328125e-06
0,none,0,3,2,150,0,0.0,2.9839272499084473,1.9073486328125e-06
0,none,0,3,3,150,147,0.98,2.9839272499084473,1.9073486328125e-06
0,none,0,4,1,150,0,0.0,2.922966718673706,2.384185791015625e-06
0,none,0,4,2,150,0,0.0,2.922966718673706,2.384185791015625e-06
0,none,0,4,3,150,27,0.18,2.922966718673706,2.384185791015625e-06
0,none,0,4,4,150,150,1.0,2.922966718673706,2.384185791015625e-06
0,none,0,5,1,150,0,0.0,2.9985618591308594,1.430511474609375e-06
0,none,0,5,2,150,0,0.0,2.9985618591308594,1.430511474609375e-06
0,none,0,5,3,150,0,0.0,2.9985618591308594,1.430511474609375e-06
0,none,0,5,4,150,16,0.10666666666666667,2.9985618591308594,1.430511474609375e-06
0,none,0,5,5,150,146,0.9733333333333334,2.9985618591308594,1.430511474609375e-06
0,exact,0,1,1,150,150,1.0,2.3532907962799072,2.384185791015625e-06
0,exact,0,2,1,150,150,1.0,4.7844507694244385,2.1457672119140625e-06
0,exact,0,2,2,150,0,0.0,4.7844507694244385,2.1457672119140625e-06
0,exact,0,3,1,150,150,1.0,4.916831016540527,4.0531158447265625e-06
0,exact,0,3,2,150,0,0.0,4.916831016540527,4.0531158447265625e-06
0,exact,0,3,3,150,59,0.3933333333333333,4.916831016540527,4.0531158447265625e-06
0,exact,0,4,1,150,150,1.0,4.984083652496338,2.384185791015625e-06
0,exact,0,4,2,150,0,0.0,4.984083652496338,2.384185791015625e-06
0,exact,0,4,3,150,57,0.38,4.984083652496338,2.384185791015625e-06
0,exact,0,4,4,150,0,0.0,4.984083652496338,2.384185791015625e-06
0,exact,0,5,1,150,150,1.0,5.078859567642212,1.9073486328125e-06
0,exact,0,5,2,150,0,0.0,5.078859567642212,1.9073486328125e-06
0,exact,0,5,3,150,53,0.35333333333333333,5.078859567642212,1.9073486328125e-06
0,exact,0,5,4,150,0,0.0,5.078859567642212,1.9073486328125e-06
0,exact,0,5,5,150,0,0.0,5.078859567642212,1.9073486328125e-06
0,mp-gan,0,1,1,150,150,1.0,2.390653133392334,28.6907958984375
0,mp-gan,0,2,1,150,150,1.0,4.746939182281494,28.873271465301514
0,mp-gan,0,2,2,150,0,0.0,4.746939182281494,28.873271465301514
0,mp-gan,0,3,1,150,19,0.12666666666666668,4.733283996582031,28.747581958770752
0,mp-gan,0,3,2,150,0,0.0,4.733283996582031,28.747581958770752
0,mp-gan,0,3,3,150,141,0.94,4.733283996582031,28.747581958770752
0,mp-gan,0,4,1,150,19,0.12666666666666668,4.813440322875977,29.00067973136902
0,mp-gan,0,4,2,150,0,0.0,4.813440322875977,29.00067973136902
0,mp-gan,0,4,3,150,72,0.48,4.813440322875977,29.00067973136902
0,mp-gan,0,4,4,150,131,0.8733333333333333,4.813440322875977,29.00067973136902
0,mp-gan,0,5,1,150,13,0.08666666666666667,5.125238656997681,28.827888011932373
0,mp-gan,0,5,2,150,0,0.0,5.125238656997681,28.827888011932373
0,mp-gan,0,5,3,150,71,0.47333333333333333,5.125238656997681,28.827888011932373
0,mp-gan,0,5,4,150,102,0.68,5.125238656997681,28.827888011932373
0,mp-gan,0,5,5,150,142,0.9466666666666667,5.125238656997681,28.827888011932373
0,mp-wgan,0,1,1,150,150,1.0,2.343416690826416,50.25685787200928
0,mp-wgan,0,2,1,150,108,0.72,4.763606548309326,49.36223125457764
0,mp-wgan,0,2,2,150,0,0.0,4.763606548309326,49.36223125457764
0,mp-wgan,0,3,1,150,0,0.0,4.8007659912109375,49.46683955192566
0,mp-wgan,0,3,2,150,0,0.0,4.8007659912109375,49.46683955192566
0,mp-wgan,0,3,3,150,149,0.9933333333333333,4.8007659912109375,49.46683955192566
0,mp-wgan,0,4,1,150,0,0.0,4.8540661334991455,49.60081911087036
0,mp-wgan,0,4,2,150,0,0.0,4.8540661334991455,49.60081911087036
0,mp-wgan,0,4,3,150,31,0.20666666666666667,4.8540661334991455,49.60081911087036
0,mp-wgan,0,4,4,150,137,0.9133333333333333,4.8540661334991455,49.60081911087036
0,mp-wgan,0,5,1,150,0,0.0,4.9728944301605225,49.199318647384644
0,mp-wgan,0,5,2,150,0,0.0,4.9728944301605225,49.199318647384644
0,mp-wgan,0,5,3,150,0,0.0,4.9728944301605225,49.199318647384644
0,mp-wgan,0,5,4,150,15,0.1,4.9728944301605225,49.199318647384644
0,mp-wgan,0,5,5,150,144,0.96,4.9728944301605225,49.199318647384644
0,sg-cgan,0,1,1,150,150,1.0,2.429213762283325,65.93655204772949
0,sg-cgan,0,2,1,150,150,1.0,5.011795282363892,130.49444270133972
0,sg-cgan,0,2,2,150,0,0.0,5.011795282363892,130.49444270133972
0,sg-cgan,0,3,1,150,34,0.22666666666666666,4.813903093338013,137.89181280136108
0,sg-cgan,0,3,2,150,0,0.0,4.813903093338013,137.89181280136108
0,sg-cgan,0,3,3,150,149,0.9933333333333333,4.813903093338013,137.89181280136108
0,sg-cgan,0,4,1,150,2,0.013333333333333334,4.828133583068848,134.52188086509705
0,sg-cgan,0,4,2,150,0,0.0,4.828133583068848,134.52188086509705
0,sg-cgan,0,4,3,150,135,0.9,4.828133583068848,134.52188086509705
0,sg-cgan,0,4,4,150,134,0.8933333333333333,4.828133583068848,134.52188086509705
0,sg-cgan,0,5,1,150,0,0.0,5.026914596557617,129.2435429096222
0,sg-cgan,0,5,2,150,0,0.0,5.026914596557617,129.2435429096222
0,sg-cgan,0,5,3,150,129,0.86,5.026914596557617,129.2435429096222
0,sg-cgan,0,5,4,150,86,0.5733333333333334,5.026914596557617,129.2435429096222
0,sg-cgan,0,5,5,150,138,0.92,5.026914596557617,129.2435429096222
0,sg-cwgan,0,1,1,150,150,1.0,2.338533639907837,104.95525121688843
0,sg-cwgan,0,2,1,150,98,0.6533333333333333,4.795146703720093,204.17890524864197
0,sg-cwgan,0,2,2,150,0,0.0,4.795146703720093,204.17890524864197
0,sg-cwgan,0,3,1,150,0,0.0,4.708516359329224,204.3839020729065
0,sg-cwgan,0,3,2,150,0,0.0,4.708516359329224,204.3839020729065
0,sg-cwgan,0,3,3,150,149,0.9933333333333333,4.708516359329224,204.3839020729065
0,sg-cwgan,0,4,1,150,0,0.0,4.673325300216675,203.69327449798584
0,sg-cwgan,0,4,2,150,0,0.0,4.673325300216675,203.69327449798584
0,sg-cwgan,0,4,3,150,47,0.31333333333333335,4.673325300216675,203.69327449798584
0,sg-cwgan,0,4,4,150,150,1.0,4.673325300216675,203.69327449798584
0,sg-cwgan,0,5,1,150,0,0.0,4.776562213897705,203.6244888305664
0,sg-cwgan,0,5,2,150,0,0.0,4.776562213897705,203.6244888305664
0,sg-cwgan,0,5,3,150,0,0.0,4.776562213897705,203.6244888305664
0,sg-cwgan,0,5,4,150,18,0.12,4.776562213897705,203.6244888305664
0,sg-cwgan,0,5,5,150,146,0.9733333333333334,4.776562213897705,203.6244888305664
0,lwf,0,1,1,150,150,1.0,2.3487396240234375,1.9073486328125e-06
0,lwf,0,2,1,150,98,0.6533333333333333,2.914306163787842,2.1457672119140625e-06
0,lwf,0,2,2,150,0,0.0,2.914306163787842,2.1457672119140625e-06
0,lwf,0,3,1,150,0,0.0,2.903236150741577,2.384185791015625e-06
0,lwf,0,3,2,150,0,0.0,2.903236150741577,2.384185791015625e-06
0,lwf,0,3,3,150,147,0.98,2.903236150741577,2.384185791015625e-06
0,lwf,0,4,1,150,0,0.0,2.919574499130249,1.9073486328125e-06
0,lwf,0,4,2,150,0,0.0,2.919574499130249,1.9073486328125e-06
0,lwf,0,4,3,150,27,0.18,2.919574499130249,1.9073486328125e-06
0,lwf,0,4,4,150,150,1.0,2.919574499130249,1.9073486328125e-06
0,lwf,0,5,1,150,0,0.0,3.008803606033325,1.9073486328125e-06
0,lwf,0,5,2,150,0,0.0,3.008803606033325,1.9073486328125e-06
0,lwf,0,5,3,150,0,0.0,3.008803606033325,1.9073486328125e-06
0,lwf,0,5,4,150,16,0.10666666666666667,3.008803606033325,1.9073486328125e-06
0,lwf,0,5,5,150,146,0.9733333333333334,3.008803606033325,1.9073486328125e-06
0,ewc,0,1,1,150,150,1.0,3.5438668727874756,3.814697265625e-06
0,ewc,0,2,1,150,0,0.0,3.7642321586608887,2.384185791015625e-06
0,ewc,0,2,2,150,114,0.76,3.7642321586608887,2.384185791015625e-06
0,ewc,0,3,1,150,0,0.0,3.7637405395507812,2.1457672119140625e-06
0,ewc,0,3,2,150,0,0.0,3.7637405395507812,2.1457672119140625e-06
0,ewc,0,3,3,150,149,0.9933333333333333,3.7637405395507812,2.1457672119140625e-06
0,ewc,0,4,1,150,0,0.0,3.7615318298339844,2.86102294921875e-06
0,ewc,0,4,2,150,0,0.0,3.7615318298339844,2.86102294921875e-06
0,ewc,0,4,3,150,0,0.0,3.7615318298339844,2.86102294921875e-06
0,ewc,0,4,4,150,150,1.0,3.7615318298339844,2.86102294921875e-06
0,ewc,0,5,1,150,0,0.0,3.7682504653930664,2.1457672119140625e-06
0,ewc,0,5,2,150,0,0.0,3.7682504653930664,2.1457672119140625e-06
0,ewc,0,5,3,150,0,0.0,3.7682504653930664,2.1457672119140625e-06
0,ewc,0,5,4,150,0,0.0,3.7682504653930664,2.1457672119140625e-06
0,ewc,0,5,5,150,150,1.0,3.7682504653930664,2.1457672119140625e-06
1,offline,0,None,1,150,109,0.7266666666666667,None,None
1,offline,0,None,2,150,150,1.0,None,None
1,offline,0,None,3,150,122,0.8133333333333334,None,None
1,offline,0,None,4,150,40,0.26666666666666666,None,None
1,offline,0,None,5,150,108,0.72,None,None
1,none,0,1,1,150,150,1.0,3.681410312652588,2.384185791015625e-06
1,none,0,2,1,150,0,0.0,3.858043909072876,2.6226043701171875e-06
1,none,0,2,2,150,150,1.0,3.858043909072876,2.6226043701171875e-06
1,none,0,3,1,150,0,0.0,4.007574081420898,2.384185791015625e-06
1,none,0,3,2,150,0,0.0,4.007574081420898,2.384185791015625e-06
1,none,0,3,3,150,150,1.0,4.007574081420898,2.384185791015625e-06
1,none,0,4,1,150,0,0.0,4.009427547454834,1.9073486328125e-06
1,none,0,4,2,150,0,0.0,4.009427547454834,1.9073486328125e-06
1,none,0,4,3,150,0,0.0,4.009427547454834,1.9073486328125e-06
1,none,0,4,4,150,150,1.0,4.009427547454834,1.9073486328125e-06
1,none,0,5,1,150,0,0.0,3.994274616241455,2.1457672119140625e-06
1,none,0,5,2,150,0,0.0,3.994274616241455,2.1457672119140625e-06
1,none,0,5,3,150,0,0.0,3.994274616241455,2.1457672119140625e-06
1,none,0,5,4,150,0,0.0,3.994274616241455,2.1457672119140625e-06
1,none,0,5,5,150,150,1.0,3.994274616241455,2.1457672119140625e-06
1,exact,0,1,1,150,150,1.0,3.595703363418579,2.1457672119140625e-06
1,exact,0,2,1,150,150,1.0,5.336721420288086,2.384185791015625e-06
1,exact,0,2,2,150,150,1.0,5.336721420288086,2.384185791015625e-06
1,exact,0,3,1,150,147,0.98,5.460176944732666,3.814697265625e-06
1,exact,0,3,2,150,150,1.0,5.460176944732666,3.814697265625e-06
1,exact,0,3,3,150,103,0.6866666666666666,5.460176944732666,3.814697265625e-06
1,exact,0,4,1,150,101,0.6733333333333333,5.443825960159302,2.86102294921875e-06
1,exact,0,4,2,150,146,0.9733333333333334,5.443825960159302,2.86102294921875e-06
1,exact,0,4,3,150,106,0.7066666666666667,5.443825960159302,2.86102294921875e-06
1,exact,0,4,4,150,141,0.94,5.443825960159302,2.86102294921875e-06
1,exact,0,5,1,150,101,0.6733333333333333,5.4758992195129395,1.9073486328125e-06
1,exact,0,5,2,150,150,1.0,5.4758992195129395,1.9073486328125e-06
1,exact,0,5,3,150,86,0.5733333333333334,5.4758992195129395,1.9073486328125e-06
1,exact,0,5,4,150,130,0.8666666666666667,5.4758992195129395,1.9073486328125e-06
1,exact,0,5,5,150,147,0.98,5.4758992195129395,1.9073486328125e-06
1,mp-gan,0,1,1,150,150,1.0,3.5941545963287354,28.367549657821655
1,mp-gan,0,2,1,150,68,0.4533333333333333,5.370227098464966,28.447743892669678
1,mp-gan,0,2,2,150,150,1.0,5.370227098464966,28.447743892669678
1,mp-gan,0,3,1,150,0,0.0,5.351028919219971,28.380826234817505
1,mp-gan,0,3,2,150,104,0.6933333333333334,5.351028919219971,28.380826234817505
1,mp-gan,0,3,3,150,150,1.0,5.351028919219971,28.380826234817505
1,mp-gan,0,4,1,150,0,0.0,5.520575046539307,28.811956882476807
1,mp-gan,0,4,2,150,62,0.41333333333333333,5.520575046539307,28.811956882476807
1,mp-gan,0,4,3,150,38,0.25333333333333335,5.520575046539307,28.811956882476807
1,mp-gan,0,4,4,150,150,1.0,5.520575046539307,28.811956882476807
1,mp-gan,0,5,1,150,0,0.0,5.49743390083313,28.400279998779297
1,mp-gan,0,5,2,150,63,0.42,5.49743390083313,28.400279998779297
1,mp-gan,0,5,3,150,14,0.09333333333333334,5.49743390083313,28.400279998779297
1,mp-gan,0,5,4,150,0,0.0,5.49743390083313,28.400279998779297
1,mp-gan,0,5,5,150,150,1.0,5.49743390083313,28.400279998779297
1,mp-wgan,0,1,1,150,150,1.0,3.587878704071045,49.21172761917114
1,mp-wgan,0,2,1,150,0,0.0,5.229970693588257,48.59246492385864
1,mp-wgan,0,2,2,150,150,1.0,5.229970693588257,48.59246492385864
1,mp-wgan,0,3,1,150,0,0.0,5.5846335887908936,49.08084988594055
1,mp-wgan,0,3,2,150,0,0.0,5.5846335887908936,49.08084988594055
1,mp-wgan,0,3,3,150,150,1.0,5.5846335887908936,49.08084988594055
1,mp-wgan,0,4,1,150,0,0.0,5.398055791854858,48.87744855880737
1,mp-wgan,0,4,2,150,0,0.0,5.398055791854858,48.87744855880737
1,mp-wgan,0,4,3,150,0,0.0,5.398055791854858,48.87744855880737
1,mp-wgan,0,4,4,150,150,1.0,5.398055791854858,48.87744855880737
1,mp-wgan,0,5,1,150,0,0.0,5.390806674957275,48.90541219711304
1,mp-wgan,0,5,2,150,0,0.0,5.390806674957275,48.90541219711304
1,mp-wgan,0,5,3,150,0,0.0,5.390806674957275,48.90541219711304
1,mp-wgan,0,5,4,150,0,0.0,5.390806674957275,48.90541219711304
1,mp-wgan,0,5,5,150,150,1.0,5.390806674957275,48.90541219711304
1,sg-cgan,0,1,1,150,150,1.0,3.7040791511535645,65.19909071922302
1,sg-cgan,0,2,1,150,85,0.5666666666666667,5.31032395362854,129.27877831459045
1,sg-cgan,0,2,2,150,150,1.0,5.31032395362854,129.27877831459045
1,sg-cgan,0,3,1,150,16,0.10666666666666667,5.328470706939697,128.8875696659088
1,sg-cgan,0,3,2,150,135,0.9,5.328470706939697,128.8875696659088
1,sg-cgan,0,3,3,150,150,1.0,5.328470706939697,128.8875696659088
1,sg-cgan,0,4,1,150,0,0.0,5.333998441696167,128.41602873802185
1,sg-cgan,0,4,2,150,62,0.41333333333333333,5.333998441696167,128.41602873802185
1,sg-cgan,0,4,3,150,26,0.17333333333333334,5.333998441696167,128.41602873802185
1,sg-cgan,0,4,4,150,150,1.0,5.333998441696167,128.41602873802185
1,sg-cgan,0,5,1,150,0,0.0,5.4424755573272705,127.5054075717926
1,sg-cgan,0,5,2,150,48,0.32,5.4424755573272705,127.5054075717926
1,sg-cgan,0,5,3,150,1,0.006666666666666667,5.4424755573272705,127.5054075717926
1,sg-cgan,0,5,4,150,0,0.0,5.4424755573272705,127.5054075717926
1,sg-cgan,0,5,5,150,150,1.0,5.4424755573272705,127.5054075717926
1,sg-cwgan,0,1,1,150,150,1.0,3.5819406509399414,102.25344467163086
1,sg-cwgan,0,2,1,150,68,0.4533333333333333,5.229909658432007,203.5867838859558
1,sg-cwgan,0,2,2,150,150,1.0,5.229909658432007,203.5867838859558
1,sg-cwgan,0,3,1,150,0,0.0,5.204950571060181,201.92011070251465
1,sg-cwgan,0,3,2,150,0,0.0,5.204950571060181,201.92011070251465
1,sg-cwgan,0,3,3,150,150,1.0,5.204950571060181,201.92011070251465
1,sg-cwgan,0,4,1,150,0,0.0,5.3440587520599365,200.20216989517212
1,sg-cwgan,0,4,2,150,0,0.0,5.3440587520599365,200.20216989517212
1,sg-cwgan,0,4,3,150,0,0.0,5.3440587520599365,200.20216989517212
1,sg-cwgan,0,4,4,150,150,1.0,5.3440587520599365,200.20216989517212
1,sg-cwgan,0,5,1,150,0,0.0,5.212115287780762,201.12637042999268
1,sg-cwgan,0,5,2,150,0,0.0,5.212115287780762,201.12637042999268
1,sg-cwgan,0,5,3,150,0,0.0,5.212115287780762,201.12637042999268
1,sg-cwgan,0,5,4,150,0,0.0,5.212115287780762,201.12637042999268
1,sg-cwgan,0,5,5,150,150,1.0,5.212115287780762,201.12637042999268
1,lwf,0,1,1,150,150,1.0,2.3042030334472656,2.384185791015625e-06
1,lwf,0,2,1,150,0,0.0,2.9040443897247314,2.6226043701171875e-06
1,lwf,0,2,2,150,150,1.0,2.9040443897247314,2.6226043701171875e-06
1,lwf,0,3,1,150,0,0.0,2.9098167419433594,1.9073486328125e-06
1,lwf,0,3,2,150,12,0.08,2.9098167419433594,1.9073486328125e-06
1,lwf,0,3,3,150,149,0.9933333333333333,2.9098167419433594,1.9073486328125e-06
1,lwf,0,4,1,150,0,0.0,2.8787126541137695,1.9073486328125e-06
1,lwf,0,4,2,150,0,0.0,2.8787126541137695,1.9073486328125e-06
1,lwf,0,4,3,150,0,0.0,2.8787126541137695,1.9073486328125e-06
1,lwf,0,4,4,150,150,1.0,2.8787126541137695,1.9073486328125e-06
1,lwf,0,5,1,150,0,0.0,2.9207711219787598,3.814697265625e-06
1,lwf,0,5,2,150,0,0.0,2.9207711219787598,3.814697265625e-06
1,lwf,0,5,3,150,0,0.0,2.9207711219787598,3.814697265625e-06
1,lwf,0,5,4,150,0,0.0,2.9207711219787598,3.814697265625e-06
1,lwf,0,5,5,150,150,1.0,2.9207711219787598,3.814697265625e-06
1,ewc,0,1,1,150,150,1.0,3.5496931076049805,1.9073486328125e-06
1,ewc,0,2,1,150,0,0.0,3.7594146728515625,2.6226043701171875e-06
1,ewc,0,2,2,150,150,1.0,3.7594146728515625,2.6226043701171875e-06
1,ewc,0,3,1,150,0,0.0,3.7519781589508057,2.1457672119140625e-06
1,ewc,0,3,2,150,0,0.0,3.7519781589508057,2.1457672119140625e-06
1,ewc,0,3,3,150,150,1.0,3.7519781589508057,2.1457672119140625e-06
1,ewc,0,4,1,150,0,0.0,3.7585673332214355,1.9073486328125e-06
1,ewc,0,4,2,150,0,0.0,3.7585673332214355,1.9073486328125e-06
1,ewc,0,4,3,150,0,0.0,3.7585673332214355,1.9073486328125e-06
1,ewc,0,4,4,150,150,1.0,3.7585673332214355,1.9073486328125e-06
1,ewc,0,5,1,150,0,0.0,3.7907164096832275,2.384185791015625e-06
1,ewc,0,5,2,150,0,0.0,3.7907164096832275,2.384185791015625e-06
1,ewc,0,5,3,150,0,0.0,3.7907164096832275,2.384185791015625e-06
1,ewc,0,5,4,150,0,0.0,3.7907164096832275,2.384185791015625e-06
1,ewc,0,5,5,150,150,1.0,3.7907164096832275,2.384185791015625e-06
2,offline,0,None,1,200,87,0.435,None,None
2,offline,0,None,2,200,200,1.0,None,None
2,offline,0,None,3,150,97,0.6466666666666666,None,None
2,offline,0,None,4,150,72,0.48,None,None
2,offline,0,None,5,150,121,0.8066666666666666,None,None
2,none,0,1,1,200,170,0.85,3.554586410522461,2.6226043701171875e-06
2,none,0,2,1,200,0,0.0,3.7978854179382324,2.1457672119140625e-06
2,none,0,2,2,200,200,1.0,3.7978854179382324,2.1457672119140625e-06
2,none,0,3,1,200,0,0.0,3.763855457305908,2.6226043701171875e-06
2,none,0,3,2,200,0,0.0,3.763855457305908,2.6226043701171875e-06
2,none,0,3,3,150,150,1.0,3.763855457305908,2.6226043701171875e-06
2,none,0,4,1,200,0,0.0,3.79441237449646,2.1457672119140625e-06
2,none,0,4,2,200,0,0.0,3.79441237449646,2.1457672119140625e-06
2,none,0,4,3,150,0,0.0,3.79441237449646,2.1457672119140625e-06
2,none,0,4,4,150,150,1.0,3.79441237449646,2.1457672119140625e-06
2,none,0,5,1,200,0,0.0,3.771871566772461,2.1457672119140625e-06
2,none,0,5,2,200,0,0.0,3.771871566772461,2.1457672119140625e-06
2,none,0,5,3,150,0,0.0,3.771871566772461,2.1457672119140625e-06
2,none,0,5,4,150,0,0.0,3.771871566772461,2.1457672119140625e-06
2,none,0,5,5,150,147,0.98,3.771871566772461,2.1457672119140625e-06
2,exact,0,1,1,200,170,0.85,3.5679445266723633,2.384185791015625e-06
2,exact,0,2,1,200,185,0.925,5.396186351776123,2.384185791015625e-06
2,exact,0,2,2,200,186,0.93,5.396186351776123,2.384185791015625e-06
2,exact,0,3,1,200,167,0.835,5.419139385223389,2.86102294921875e-06
2,exact,0,3,2,200,200,1.0,5.419139385223389,2.86102294921875e-06
2,exact,0,3,3,150,108,0.72,5.419139385223389,2.86102294921875e-06
2,exact,0,4,1,200,145,0.725,5.438230276107788,2.1457672119140625e-06
2,exact,0,4,2,200,200,1.0,5.438230276107788,2.1457672119140625e-06
2,exact,0,4,3,150,71,0.47333333333333333,5.438230276107788,2.1457672119140625e-06
2,exact,0,4,4,150,131,0.8733333333333333,5.438230276107788,2.1457672119140625e-06
2,exact,0,5,1,200,166,0.83,5.43343448638916,2.86102294921875e-06
2,exact,0,5,2,200,199,0.995,5.43343448638916,2.86102294921875e-06
2,exact,0,5,3,150,103,0.6866666666666666,5.43343448638916,2.86102294921875e-06
2,exact,0,5,4,150,109,0.7266666666666667,5.43343448638916,2.86102294921875e-06
2,exact,0,5,5,150,148,0.9866666666666667,5.43343448638916,2.86102294921875e-06
2,mp-gan,0,1,1,200,169,0.845,3.5295615196228027,28.184293746948242
2,mp-gan,0,2,1,200,180,0.9,5.269041061401367,28.17593479156494
2,mp-gan,0,2,2,200,200,1.0,5.269041061401367,28.17593479156494
2,mp-gan,0,3,1,200,1,0.005,5.412633419036865,28.68314504623413
2,mp-gan,0,3,2,200,150,0.75,5.412633419036865,28.68314504623413
2,mp-gan,0,3,3,150,150,1.0,5.412633419036865,28.68314504623413
2,mp-gan,0,4,1,200,5,0.025,5.389374017715454,28.283419609069824
2,mp-gan,0,4,2,200,127,0.635,5.389374017715454,28.283419609069824
2,mp-gan,0,4,3,150,0,0.0,5.389374017715454,28.283419609069824
2,mp-gan,0,4,4,150,150,1.0,5.389374017715454,28.283419609069824
2,mp-gan,0,5,1,200,12,0.06,5.418558835983276,28.31226110458374
2,mp-gan,0,5,2,200,76,0.38,5.418558835983276,28.31226110458374
2,mp-gan,0,5,3,150,0,0.0,5.418558835983276,28.31226110458374
2,mp-gan,0,5,4,150,80,0.5333333333333333,5.418558835983276,28.31226110458374
2,mp-gan,0,5,5,150,150,1.0,5.418558835983276,28.31226110458374
2,mp-wgan,0,1,1,200,169,0.845,3.54783296585083,48.421454668045044
2,mp-wgan,0,2,1,200,4,0.02,5.339572906494141,48.651957511901855
2,mp-wgan,0,2,2,200,200,1.0,5.339572906494141,48.651957511901855
2,mp-wgan,0,3,1,200,0,0.0,5.326848745346069,48.52518582344055
2,mp-wgan,0,3,2,200,0,0.0,5.326848745346069,48.52518582344055
2,mp-wgan,0,3,3,150,150,1.0,5.326848745346069,48.52518582344055
2,mp-wgan,0,4,1,200,0,0.0,5.345273494720459,48.32438540458679
2,mp-wgan,0,4,2,200,0,0.0,5.345273494720459,48.32438540458679
2,mp-wgan,0,4,3,150,0,0.0,5.345273494720459,48.32438540458679
2,mp-wgan,0,4,4,150,150,1.0,5.345273494720459,48.32438540458679
2,mp-wgan,0,5,1,200,0,0.0,5.748872995376587,48.80422878265381
2,mp-wgan,0,5,2,200,0,0.0,5.748872995376587,48.80422878265381
2,mp-wgan,0,5,3,150,0,0.0,5.748872995376587,48.80422878265381
2,mp-wgan,0,5,4,150,0,0.0,5.748872995376587,48.80422878265381
2,mp-wgan,0,5,5,150,150,1.0,5.748872995376587,48.80422878265381
2,sg-cgan,0,1,1,200,175,0.875,3.5683836936950684,64.10732936859131
2,sg-cgan,0,2,1,200,99,0.495,5.2712461948394775,125.47785353660583
2,sg-cgan,0,2,2,200,200,1.0,5.2712461948394775,125.47785353660583
2,sg-cgan,0,3,1,200,0,0.0,5.325747966766357,125.66780257225037
2,sg-cgan,0,3,2,200,184,0.92,5.325747966766357,125.66780257225037
2,sg-cgan,0,3,3,150,150,1.0,5.325747966766357,125.66780257225037
2,sg-cgan,0,4,1,200,0,0.0,5.330463886260986,140.93815779685974
2,sg-cgan,0,4,2,200,151,0.755,5.330463886260986,140.93815779685974
2,sg-cgan,0,4,3,150,0,0.0,5.330463886260986,140.93815779685974
2,sg-cgan,0,4,4,150,150,1.0,5.330463886260986,140.93815779685974
2,sg-cgan,0,5,1,200,0,0.0,5.376740217208862,126.27597141265869
2,sg-cgan,0,5,2,200,94,0.47,5.376740217208862,126.27597141265869
2,sg-cgan,0,5,3,150,0,0.0,5.376740217208862,126.27597141265869
2,sg-cgan,0,5,4,150,78,0.52,5.376740217208862,126.27597141265869
2,sg-cgan,0,5,5,150,150,1.0,5.376740217208862,126.27597141265869
2,sg-cwgan,0,1,1,200,176,0.88,3.5389244556427,100.70252084732056
2,sg-cwgan,0,2,1,200,85,0.425,5.325315952301025,198.95070576667786
2,sg-cwgan,0,2,2,200,200,1.0,5.325315952301025,198.95070576667786
2,sg-cwgan,0,3,1,200,0,0.0,5.238985776901245,200.19428944587708
2,sg-cwgan,0,3,2,200,45,0.225,5.238985776901245,200.19428944587708
2,sg-cwgan,0,3,3,150,150,1.0,5.238985776901245,200.19428944587708
2,sg-cwgan,0,4,1,200,0,0.0,5.259339809417725,199.43051886558533
2,sg-cwgan,0,4,2,200,0,0.0,5.259339809417725,199.43051886558533
2,sg-cwgan,0,4,3,150,0,0.0,5.259339809417725,199.43051886558533
2,sg-cwgan,0,4,4,150,150,1.0,5.259339809417725,199.43051886558533
2,sg-cwgan,0,5,1,200,0,0.0,5.272450685501099,196.60860323905945
2,sg-cwgan,0,5,2,200,0,0.0,5.272450685501099,196.60860323905945
2,sg-cwgan,0,5,3,150,0,0.0,5.272450685501099,196.60860323905945
2,sg-cwgan,0,5,4,150,0,0.0,5.272450685501099,196.60860323905945
2,sg-cwgan,0,5,5,150,149,0.9933333333333333,5.272450685501099,196.60860323905945
2,lwf,0,1,1,200,170,0.85,2.3019556999206543,1.9073486328125e-06
2,lwf,0,2,1,200,0,0.0,2.906658172607422,2.6226043701171875e-06
2,lwf,0,2,2,200,200,1.0,2.906658172607422,2.6226043701171875e-06
2,lwf,0,3,1,200,0,0.0,2.8912720680236816,2.6226043701171875e-06
2,lwf,0,3,2,200,83,0.415,2.8912720680236816,2.6226043701171875e-06
2,lwf,0,3,3,150,150,1.0,2.8912720680236816,2.6226043701171875e-06
2,lwf,0,4,1,200,0,0.0,2.8974599838256836,1.9073486328125e-06
2,lwf,0,4,2,200,73,0.365,2.8974599838256836,1.9073486328125e-06
2,lwf,0,4,3,150,0,0.0,2.8974599838256836,1.9073486328125e-06
2,lwf,0,4,4,150,150,1.0,2.8974599838256836,1.9073486328125e-06
2,lwf,0,5,1,200,0,0.0,2.9615721702575684,2.384185791015625e-06
2,lwf,0,5,2,200,12,0.06,2.9615721702575684,2.384185791015625e-06
2,lwf,0,5,3,150,0,0.0,2.9615721702575684,2.384185791015625e-06
2,lwf,0,5,4,150,68,0.4533333333333333,2.9615721702575684,2.384185791015625e-06
2,lwf,0,5,5,150,145,0.9666666666666667,2.9615721702575684,2.384185791015625e-06
2,ewc,0,1,1,200,170,0.85,3.5397350788116455,1.9073486328125e-06
2,ewc,0,2,1,200,0,0.0,3.7509894371032715,2.86102294921875e-06
2,ewc,0,2,2,200,200,1.0,3.7509894371032715,2.86102294921875e-06
2,ewc,0,3,1,200,0,0.0,3.8191616535186768,2.1457672119140625e-06
2,ewc,0,3,2,200,0,0.0,3.8191616535186768,2.1457672119140625e-06
2,ewc,0,3,3,150,150,1.0,3.8191616535186768,2.1457672119140625e-06
2,ewc,0,4,1,200,0,0.0,3.822625160217285,2.1457672119140625e-06
2,ewc,0,4,2,200,0,0.0,3.822625160217285,2.1457672119140625e-06
2,ewc,0,4,3,150,0,0.0,3.822625160217285,2.1457672119140625e-06
2,ewc,0,4,4,150,150,1.0,3.822625160217285,2.1457672119140625e-06
2,ewc,0,5,1,200,0,0.0,3.779696464538574,2.86102294921875e-06
2,ewc,0,5,2,200,0,0.0,3.779696464538574,2.86102294921875e-06
2,ewc,0,5,3,150,0,0.0,3.779696464538574,2.86102294921875e-06
2,ewc,0,5,4,150,0,0.0,3.779696464538574,2.86102294921875e-06
2,ewc,0,5,5,150,147,0.98,3.779696464538574,2.86102294921875e-06
3,offline,0,None,1,150,61,0.4066666666666667,None,None
3,offline,0,None,2,150,87,0.58,None,None
3,offline,0,None,3,150,147,0.98,None,None
3,offline,0,None,4,150,67,0.44666666666666666,None,None
3,offline,0,None,5,150,140,0.9333333333333333,None,None
3,none,0,1,1,150,150,1.0,3.5523452758789062,2.384185791015625e-06
3,none,0,2,1,150,0,0.0,3.758740186691284,2.384185791015625e-06
3,none,0,2,2,150,150,1.0,3.758740186691284,2.384185791015625e-06
3,none,0,3,1,150,0,0.0,3.7519044876098633,2.384185791015625e-06
3,none,0,3,2,150,0,0.0,3.7519044876098633,2.384185791015625e-06
3,none,0,3,3,150,148,0.9866666666666667,3.7519044876098633,2.384185791015625e-06
3,none,0,4,1,150,0,0.0,3.764012575149536,1.9073486328125e-06
3,none,0,4,2,150,0,0.0,3.764012575149536,1.9073486328125e-06
3,none,0,4,3,150,0,0.0,3.764012575149536,1.9073486328125e-06
3,none,0,4,4,150,150,1.0,3.764012575149536,1.9073486328125e-06
3,none,0,5,1,150,0,0.0,3.774911880493164,2.384185791015625e-06
3,none,0,5,2,150,0,0.0,3.774911880493164,2.384185791015625e-06
3,none,0,5,3,150,0,0.0,3.774911880493164,2.384185791015625e-06
3,none,0,5,4,150,0,0.0,3.774911880493164,2.384185791015625e-06
3,none,0,5,5,150,150,1.0,3.774911880493164,2.384185791015625e-06
3,exact,0,1,1,150,150,1.0,3.604530096054077,1.6689300537109375e-06
3,exact,0,2,1,150,118,0.7866666666666666,5.304325580596924,2.384185791015625e-06
3,exact,0,2,2,150,149,0.9933333333333333,5.304325580596924,2.384185791015625e-06
3,exact,0,3,1,150,146,0.9733333333333334,5.373967885971069,2.1457672119140625e-06
3,exact,0,3,2,150,113,0.7533333333333333,5.373967885971069,2.1457672119140625e-06
3,exact,0,3,3,150,147,0.98,5.373967885971069,2.1457672119140625e-06
3,exact,0,4,1,150,102,0.68,5.497120141983032,1.9073486328125e-06
3,exact,0,4,2,150,139,0.9266666666666666,5.497120141983032,1.9073486328125e-06
3,exact,0,4,3,150,148,0.9866666666666667,5.497120141983032,1.9073486328125e-06
3,exact,0,4,4,150,129,0.86,5.497120141983032,1.9073486328125e-06
3,exact,0,5,1,150,114,0.76,5.541213750839233,2.384185791015625e-06
3,exact,0,5,2,150,86,0.5733333333333334,5.541213750839233,2.384185791015625e-06
3,exact,0,5,3,150,145,0.9666666666666667,5.541213750839233,2.384185791015625e-06
3,exact,0,5,4,150,121,0.8066666666666666,5.541213750839233,2.384185791015625e-06
3,exact,0,5,5,150,137,0.9133333333333333,5.541213750839233,2.384185791015625e-06
3,mp-gan,0,1,1,150,150,1.0,3.595643997192383,28.33981704711914
3,mp-gan,0,2,1,150,0,0.0,5.420913934707642,28.004675149917603
3,mp-gan,0,2,2,150,150,1.0,5.420913934707642,28.004675149917603
3,mp-gan,0,3,1,150,12,0.08,5.452615022659302,28.126018524169922
3,mp-gan,0,3,2,150,115,0.7666666666666667,5.452615022659302,28.126018524169922
3,mp-gan,0,3,3,150,146,0.9733333333333334,5.452615022659302,28.126018524169922
3,mp-gan,0,4,1,150,0,0.0,5.45851993560791,27.991946697235107
3,mp-gan,0,4,2,150,57,0.38,5.45851993560791,27.991946697235107
3,mp-gan,0,4,3,150,76,0.5066666666666667,5.45851993560791,27.991946697235107
3,mp-gan,0,4,4,150,150,1.0,5.45851993560791,27.991946697235107
3,mp-gan,0,5,1,150,0,0.0,5.385415315628052,28.15814781188965
3,mp-gan,0,5,2,150,61,0.4066666666666667,5.385415315628052,28.15814781188965
3,mp-gan,0,5,3,150,59,0.3933333333333333,5.385415315628052,28.15814781188965
3,mp-gan,0,5,4,150,0,0.0,5.385415315628052,28.15814781188965
3,mp-gan,0,5,5,150,150,1.0,5.385415315628052,28.15814781188965
3,mp-wgan,0,1,1,150,150,1.0,3.563483238220215,49.175100326538086
3,mp-wgan,0,2,1,150,0,0.0,5.3115668296813965,48.216675996780396
3,mp-wgan,0,2,2,150,150,1.0,5.3115668296813965,48.216675996780396
3,mp-wgan,0,3,1,150,0,0.0,5.339608669281006,48.02113938331604
3,mp-wgan,0,3,2,150,1,0.006666666666666667,5.339608669281006,48.02113938331604
3,mp-wgan,0,3,3,150,149,0.9933333333333333,5.339608669281006,48.02113938331604
3,mp-wgan,0,4,1,150,0,0.0,5.4097490310668945,48.370667695999146
3,mp-wgan,0,4,2,150,0,0.0,5.4097490310668945,48.370667695999146
3,mp-wgan,0,4,3,150,0,0.0,5.4097490310668945,48.370667695999146
3,mp-wgan,0,4,4,150,150,1.0,5.4097490310668945,48.370667695999146
3,mp-wgan,0,5,1,150,0,0.0,5.4336700439453125,48.25519585609436
3,mp-wgan,0,5,2,150,0,0.0,5.4336700439453125,48.25519585609436
3,mp-wgan,0,5,3,150,0,0.0,5.4336700439453125,48.25519585609436
3,mp-wgan,0,5,4,150,0,0.0,5.4336700439453125,48.25519585609436
3,mp-wgan,0,5,5,150,150,1.0,5.4336700439453125,48.25519585609436
3,sg-cgan,0,1,1,150,150,1.0,3.55999755859375,63.046069622039795
3,sg-cgan,0,2,1,150,0,0.0,5.46536660194397,125.28061747550964
3,sg-cgan,0,2,2,150,150,1.0,5.46536660194397,125.28061747550964
3,sg-cgan,0,3,1,150,0,0.0,5.39206862449646,125.29015564918518
3,sg-cgan,0,3,2,150,118,0.7866666666666666,5.39206862449646,125.29015564918518
3,sg-cgan,0,3,3,150,149,0.9933333333333333,5.39206862449646,125.29015564918518
3,sg-cgan,0,4,1,150,0,0.0,5.471453666687012,124.98772168159485
3,sg-cgan,0,4,2,150,61,0.4066666666666667,5.471453666687012,124.98772168159485
3,sg-cgan,0,4,3,150,103,0.6866666666666666,5.471453666687012,124.98772168159485
3,sg-cgan,0,4,4,150,150,1.0,5.471453666687012,124.98772168159485
3,sg-cgan,0,5,1,150,0,0.0,5.466123819351196,124.32484698295593
3,sg-cgan,0,5,2,150,0,0.0,5.466123819351196,124.32484698295593
3,sg-cgan,0,5,3,150,1,0.006666666666666667,5.466123819351196,124.32484698295593
3,sg-cgan,0,5,4,150,0,0.0,5.466123819351196,124.32484698295593
3,sg-cgan,0,5,5,150,150,1.0,5.466123819351196,124.32484698295593
3,sg-cwgan,0,1,1,150,150,1.0,3.5836966037750244,99.12545466423035
3,sg-cwgan,0,2,1,150,0,0.0,5.533967971801758,196.03657579421997
3,sg-cwgan,0,2,2,150,150,1.0,5.533967971801758,196.03657579421997
3,sg-cwgan,0,3,1,150,0,0.0,5.206722736358643,197.54565382003784
3,sg-cwgan,0,3,2,150,0,0.0,5.206722736358643,197.54565382003784
3,sg-cwgan,0,3,3,150,149,0.9933333333333333,5.206722736358643,197.54565382003784
3,sg-cwgan,0,4,1,150,0,0.0,5.288300275802612,195.92771530151367
3,sg-cwgan,0,4,2,150,0,0.0,5.288300275802612,195.92771530151367
3,sg-cwgan,0,4,3,150,0,0.0,5.288300275802612,195.92771530151367
3,sg-cwgan,0,4,4,150,150,1.0,5.288300275802612,195.92771530151367
3,sg-cwgan,0,5,1,150,0,0.0,5.277718782424927,198.58139276504517
3,sg-cwgan,0,5,2,150,0,0.0,5.277718782424927,198.58139276504517
3,sg-cwgan,0,5,3,150,0,0.0,5.277718782424927,198.58139276504517
3,sg-cwgan,0,5,4,150,0,0.0,5.277718782424927,198.58139276504517
3,sg-cwgan,0,5,5,150,150,1.0,5.277718782424927,198.58139276504517
3,lwf,0,1,1,150,150,1.0,2.3496646881103516,1.6689300537109375e-06
3,lwf,0,2,1,150,0,0.0,2.9193708896636963,1.9073486328125e-06
3,lwf,0,2,2,150,150,1.0,2.9193708896636963,1.9073486328125e-06
3,lwf,0,3,1,150,0,0.0,2.934222936630249,1.9073486328125e-06
3,lwf,0,3,2,150,0,0.0,2.934222936630249,1.9073486328125e-06
3,lwf,0,3,3,150,148,0.9866666666666667,2.934222936630249,1.9073486328125e-06
3,lwf,0,4,1,150,0,0.0,2.945986747741699,1.9073486328125e-06
3,lwf,0,4,2,150,0,0.0,2.945986747741699,1.9073486328125e-06
3,lwf,0,4,3,150,37,0.24666666666666667,2.945986747741699,1.9073486328125e-06
3,lwf,0,4,4,150,150,1.0,2.945986747741699,1.9073486328125e-06
3,lwf,0,5,1,150,0,0.0,2.983180046081543,1.9073486328125e-06
3,lwf,0,5,2,150,0,0.0,2.983180046081543,1.9073486328125e-06
3,lwf,0,5,3,150,5,0.03333333333333333,2.983180046081543,1.9073486328125e-06
3,lwf,0,5,4,150,0,0.0,2.983180046081543,1.9073486328125e-06
3,lwf,0,5,5,150,150,1.0,2.983180046081543,1.9073486328125e-06
3,ewc,0,1,1,150,150,1.0,3.6298563480377197,1.6689300537109375e-06
3,ewc,0,2,1,150,0,0.0,3.7607951164245605,1.6689300537109375e-06
3,ewc,0,2,2,150,150,1.0,3.7607951164245605,1.6689300537109375e-06
3,ewc,0,3,1,150,0,0.0,3.768561840057373,3.0994415283203125e-06
3,ewc,0,3,2,150,0,0.0,3.768561840057373,3.0994415283203125e-06
3,ewc,0,3,3,150,148,0.9866666666666667,3.768561840057373,3.0994415283203125e-06
3,ewc,0,4,1,150,0,0.0,3.765526533126831,2.384185791015625e-06
3,ewc,0,4,2,150,0,0.0,3.765526533126831,2.384185791015625e-06
3,ewc,0,4,3,150,0,0.0,3.765526533126831,2.384185791015625e-06
3,ewc,0,4,4,150,150,1.0,3.765526533126831,2.384185791015625e-06
3,ewc,0,5,1,150,0,0.0,3.774118661880493,1.9073486328125e-06
3,ewc,0,5,2,150,0,0.0,3.774118661880493,1.9073486328125e-06
3,ewc,0,5,3,150,0,0.0,3.774118661880493,1.9073486328125e-06
3,ewc,0,5,4,150,0,0.0,3.774118661880493,1.9073486328125e-06
3,ewc,0,5,5,150,150,1.0,3.774118661880493,1.9073486328125e-06
4,offline,0,None,1,150,66,0.44,None,None
4,offline,0,None,2,150,125,0.8333333333333334,None,None
4,offline,0,None,3,150,144,0.96,None,None
4,offline,0,None,4,150,141,0.94,None,None
4,offline,0,None,5,150,72,0.48,None,None
4,none,0,1,1,150,81,0.54,3.503446340560913,2.1457672119140625e-06
4,none,0,2,1,150,0,0.0,3.736809492111206,2.1457672119140625e-06
4,none,0,2,2,150,150,1.0,3.736809492111206,2.1457672119140625e-06
4,none,0,3,1,150,0,0.0,3.730015993118286,2.6226043701171875e-06
4,none,0,3,2,150,0,0.0,3.730015993118286,2.6226043701171875e-06
4,none,0,3,3,150,150,1.0,3.730015993118286,2.6226043701171875e-06
4,none,0,4,1,150,0,0.0,3.726253032684326,2.6226043701171875e-06
4,none,0,4,2,150,0,0.0,3.726253032684326,2.6226043701171875e-06
4,none,0,4,3,150,0,0.0,3.726253032684326,2.6226043701171875e-06
4,none,0,4,4,150,150,1.0,3.726253032684326,2.6226043701171875e-06
4,none,0,5,1,150,0,0.0,3.7296791076660156,2.384185791015625e-06
4,none,0,5,2,150,0,0.0,3.7296791076660156,2.384185791015625e-06
4,none,0,5,3,150,0,0.0,3.7296791076660156,2.384185791015625e-06
4,none,0,5,4,150,0,0.0,3.7296791076660156,2.384185791015625e-06
4,none,0,5,5,150,150,1.0,3.7296791076660156,2.384185791015625e-06
4,exact,0,1,1,150,81,0.54,3.534093141555786,2.1457672119140625e-06
4,exact,0,2,1,150,90,0.6,5.229661703109741,1.9073486328125e-06
4,exact,0,2,2,150,127,0.8466666666666667,5.229661703109741,1.9073486328125e-06
4,exact,0,3,1,150,95,0.6333333333333333,5.283115386962891,2.1457672119140625e-06
4,exact,0,3,2,150,134,0.8933333333333333,5.283115386962891,2.1457672119140625e-06
4,exact,0,3,3,150,150,1.0,5.283115386962891,2.1457672119140625e-06
4,exact,0,4,1,150,106,0.7066666666666667,5.447617292404175,2.1457672119140625e-06
4,exact,0,4,2,150,94,0.6266666666666667,5.447617292404175,2.1457672119140625e-06
4,exact,0,4,3,150,149,0.9933333333333333,5.447617292404175,2.1457672119140625e-06
4,exact,0,4,4,150,148,0.9866666666666667,5.447617292404175,2.1457672119140625e-06
4,exact,0,5,1,150,0,0.0,5.433629989624023,2.1457672119140625e-06
4,exact,0,5,2,150,132,0.88,5.433629989624023,2.1457672119140625e-06
4,exact,0,5,3,150,149,0.9933333333333333,5.433629989624023,2.1457672119140625e-06
4,exact,0,5,4,150,147,0.98,5.433629989624023,2.1457672119140625e-06
4,exact,0,5,5,150,147,0.98,5.433629989624023,2.1457672119140625e-06
4,mp-gan,0,1,1,150,79,0.5266666666666666,3.5872747898101807,27.885935068130493
4,mp-gan,0,2,1,150,0,0.0,5.287071704864502,28.288594245910645
4,mp-gan,0,2,2,150,150,1.0,5.287071704864502,28.288594245910645
4,mp-gan,0,3,1,150,67,0.44666666666666666,5.276447296142578,28.1511652469635
4,mp-gan,0,3,2,150,0,0.0,5.276447296142578,28.1511652469635
4,mp-gan,0,3,3,150,150,1.0,5.276447296142578,28.1511652469635
4,mp-gan,0,4,1,150,82,0.5466666666666666,5.305573225021362,27.856593132019043
4,mp-gan,0,4,2,150,5,0.03333333333333333,5.305573225021362,27.856593132019043
4,mp-gan,0,4,3,150,0,0.0,5.305573225021362,27.856593132019043
4,mp-gan,0,4,4,150,148,0.9866666666666667,5.305573225021362,27.856593132019043
4,mp-gan,0,5,1,150,0,0.0,5.378964900970459,28.151277780532837
4,mp-gan,0,5,2,150,0,0.0,5.378964900970459,28.151277780532837
4,mp-gan,0,5,3,150,3,0.02,5.378964900970459,28.151277780532837
4,mp-gan,0,5,4,150,71,0.47333333333333333,5.378964900970459,28.151277780532837
4,mp-gan,0,5,5,150,150,1.0,5.378964900970459,28.151277780532837
4,mp-wgan,0,1,1,150,81,0.54,3.5762314796447754,47.947774171829224
4,mp-wgan,0,2,1,150,0,0.0,5.221426248550415,47.99633717536926
4,mp-wgan,0,2,2,150,150,1.0,5.221426248550415,47.99633717536926
4,mp-wgan,0,3,1,150,12,0.08,5.279327869415283,48.10573434829712
4,mp-wgan,0,3,2,150,0,0.0,5.279327869415283,48.10573434829712
4,mp-wgan,0,3,3,150,150,1.0,5.279327869415283,48.10573434829712
4,mp-wgan,0,4,1,150,77,0.5133333333333333,5.385585308074951,48.87130856513977
4,mp-wgan,0,4,2,150,0,0.0,5.385585308074951,48.87130856513977
4,mp-wgan,0,4,3,150,0,0.0,5.385585308074951,48.87130856513977
4,mp-wgan,0,4,4,150,143,0.9533333333333334,5.385585308074951,48.87130856513977
4,mp-wgan,0,5,1,150,0,0.0,5.385288715362549,48.01350784301758
4,mp-wgan,0,5,2,150,0,0.0,5.385288715362549,48.01350784301758
4,mp-wgan,0,5,3,150,0,0.0,5.385288715362549,48.01350784301758
4,mp-wgan,0,5,4,150,2,0.013333333333333334,5.385288715362549,48.01350784301758
4,mp-wgan,0,5,5,150,150,1.0,5.385288715362549,48.01350784301758
4,sg-cgan,0,1,1,150,85,0.5666666666666667,3.49731707572937,63.38514709472656
4,sg-cgan,0,2,1,150,0,0.0,5.21246600151062,134.60737538337708
4,sg-cgan,0,2,2,150,150,1.0,5.21246600151062,134.60737538337708
4,sg-cgan,0,3,1,150,47,0.31333333333333335,5.34064793586731,124.04364609718323
4,sg-cgan,0,3,2,150,98,0.6533333333333333,5.34064793586731,124.04364609718323
4,sg-cgan,0,3,3,150,150,1.0,5.34064793586731,124.04364609718323
4,sg-cgan,0,4,1,150,76,0.5066666666666667,5.322296619415283,122.71299815177917
4,sg-cgan,0,4,2,150,34,0.22666666666666666,5.322296619415283,122.71299815177917
4,sg-cgan,0,4,3,150,19,0.12666666666666668,5.322296619415283,122.71299815177917
4,sg-cgan,0,4,4,150,147,0.98,5.322296619415283,122.71299815177917
4,sg-cgan,0,5,1,150,0,0.0,5.283221006393433,131.94559693336487
4,sg-cgan,0,5,2,150,0,0.0,5.283221006393433,131.94559693336487
4,sg-cgan,0,5,3,150,2,0.013333333333333334,5.283221006393433,131.94559693336487
4,sg-cgan,0,5,4,150,62,0.41333333333333333,5.283221006393433,131.94559693336487
4,sg-cgan,0,5,5,150,150,1.0,5.283221006393433,131.94559693336487
4,sg-cwgan,0,1,1,150,85,0.5666666666666667,3.543346881866455,99.03026294708252
4,sg-cwgan,0,2,1,150,0,0.0,5.201046466827393,195.03175020217896
4,sg-cwgan,0,2,2,150,150,1.0,5.201046466827393,195.03175020217896
4,sg-cwgan,0,3,1,150,0,0.0,5.230894565582275,196.09985661506653
4,sg-cwgan,0,3,2,150,61,0.4066666666666667,5.230894565582275,196.09985661506653
4,sg-cwgan,0,3,3,150,150,1.0,5.230894565582275,196.09985661506653
4,sg-cwgan,0,4,1,150,0,0.0,5.1826817989349365,193.73253726959229
4,sg-cwgan,0,4,2,150,85,0.5666666666666667,5.1826817989349365,193.73253726959229
4,sg-cwgan,0,4,3,150,0,0.0,5.1826817989349365,193.73253726959229
4,sg-cwgan,0,4,4,150,150,1.0,5.1826817989349365,193.73253726959229
4,sg-cwgan,0,5,1,150,0,0.0,5.2137463092803955,195.17884230613708
4,sg-cwgan,0,5,2,150,0,0.0,5.2137463092803955,195.17884230613708
4,sg-cwgan,0,5,3,150,0,0.0,5.2137463092803955,195.17884230613708
4,sg-cwgan,0,5,4,150,0,0.0,5.2137463092803955,195.17884230613708
4,sg-cwgan,0,5,5,150,150,1.0,5.2137463092803955,195.17884230613708
4,lwf,0,1,1,150,81,0.54,2.291959762573242,1.9073486328125e-06
4,lwf,0,2,1,150,0,0.0,2.880969524383545,2.384185791015625e-06
4,lwf,0,2,2,150,150,1.0,2.880969524383545,2.384185791015625e-06
4,lwf,0,3,1,150,0,0.0,2.862159013748169,2.6226043701171875e-06
4,lwf,0,3,2,150,1,0.006666666666666667,2.862159013748169,2.6226043701171875e-06
4,lwf,0,3,3,150,150,1.0,2.862159013748169,2.6226043701171875e-06
4,lwf,0,4,1,150,0,0.0,2.8744356632232666,1.6689300537109375e-06
4,lwf,0,4,2,150,0,0.0,2.8744356632232666,1.6689300537109375e-06
4,lwf,0,4,3,150,114,0.76,2.8744356632232666,1.6689300537109375e-06
4,lwf,0,4,4,150,101,0.6733333333333333,2.8744356632232666,1.6689300537109375e-06
4,lwf,0,5,1,150,0,0.0,2.9032931327819824,2.1457672119140625e-06
4,lwf,0,5,2,150,0,0.0,2.9032931327819824,2.1457672119140625e-06
4,lwf,0,5,3,150,7,0.04666666666666667,2.9032931327819824,2.1457672119140625e-06
4,lwf,0,5,4,150,27,0.18,2.9032931327819824,2.1457672119140625e-06
4,lwf,0,5,5,150,150,1.0,2.9032931327819824,2.1457672119140625e-06
4,ewc,0,1,1,150,81,0.54,3.518472194671631,2.1457672119140625e-06
4,ewc,0,2,1,150,0,0.0,3.7365922927856445,2.384185791015625e-06
4,ewc,0,2,2,150,150,1.0,3.7365922927856445,2.384185791015625e-06
4,ewc,0,3,1,150,0,0.0,3.7267000675201416,2.1457672119140625e-06
4,ewc,0,3,2,150,0,0.0,3.7267000675201416,2.1457672119140625e-06
4,ewc,0,3,3,150,150,1.0,3.7267000675201416,2.1457672119140625e-06
4,ewc,0,4,1,150,0,0.0,3.71067214012146,2.1457672119140625e-06
4,ewc,0,4,2,150,0,0.0,3.71067214012146,2.1457672119140625e-06
4,ewc,0,4,3,150,0,0.0,3.71067214012146,2.1457672119140625e-06
4,ewc,0,4,4,150,150,1.0,3.71067214012146,2.1457672119140625e-06
4,ewc,0,5,1,150,0,0.0,7.640007734298706,2.86102294921875e-06
4,ewc,0,5,2,150,0,0.0,7.640007734298706,2.86102294921875e-06
4,ewc,0,5,3,150,0,0.0,7.640007734298706,2.86102294921875e-06
4,ewc,0,5,4,150,0,0.0,7.640007734298706,2.86102294921875e-06
4,ewc,0,5,5,150,150,1.0,7.640007734298706,2.86102294921875e-06
5,offline,0,None,1,150,147,0.98,None,None
5,offline,0,None,2,150,75,0.5,None,None
5,offline,0,None,3,150,135,0.9,None,None
5,offline,0,None,4,150,79,0.5266666666666666,None,None
5,offline,0,None,5,150,150,1.0,None,None
5,none,0,1,1,150,147,0.98,3.6828601360321045,3.337860107421875e-06
5,none,0,2,1,150,0,0.0,3.734879732131958,1.6689300537109375e-06
5,none,0,2,2,150,132,0.88,3.734879732131958,1.6689300537109375e-06
5,none,0,3,1,150,0,0.0,3.729001522064209,2.1457672119140625e-06
5,none,0,3,2,150,0,0.0,3.729001522064209,2.1457672119140625e-06
5,none,0,3,3,150,150,1.0,3.729001522064209,2.1457672119140625e-06
5,none,0,4,1,150,0,0.0,3.762235641479492,2.384185791015625e-06
5,none,0,4,2,150,0,0.0,3.762235641479492,2.384185791015625e-06
5,none,0,4,3,150,0,0.0,3.762235641479492,2.384185791015625e-06
5,none,0,4,4,150,150,1.0,3.762235641479492,2.384185791015625e-06
5,none,0,5,1,150,0,0.0,3.7702369689941406,2.1457672119140625e-06
5,none,0,5,2,150,0,0.0,3.7702369689941406,2.1457672119140625e-06
5,none,0,5,3,150,0,0.0,3.7702369689941406,2.1457672119140625e-06
5,none,0,5,4,150,0,0.0,3.7702369689941406,2.1457672119140625e-06
5,none,0,5,5,150,150,1.0,3.7702369689941406,2.1457672119140625e-06
5,exact,0,1,1,150,147,0.98,3.563163995742798,2.384185791015625e-06
5,exact,0,2,1,150,149,0.9933333333333333,5.344502210617065,2.6226043701171875e-06
5,exact,0,2,2,150,129,0.86,5.344502210617065,2.6226043701171875e-06
5,exact,0,3,1,150,138,0.92,5.374845266342163,2.86102294921875e-06
5,exact,0,3,2,150,128,0.8533333333333334,5.374845266342163,2.86102294921875e-06
5,exact,0,3,3,150,121,0.8066666666666666,5.374845266342163,2.86102294921875e-06
5,exact,0,4,1,150,146,0.9733333333333334,5.385133266448975,2.1457672119140625e-06
5,exact,0,4,2,150,59,0.3933333333333333,5.385133266448975,2.1457672119140625e-06
5,exact,0,4,3,150,113,0.7533333333333333,5.385133266448975,2.1457672119140625e-06
5,exact,0,4,4,150,139,0.9266666666666666,5.385133266448975,2.1457672119140625e-06
5,exact,0,5,1,150,146,0.9733333333333334,5.451276540756226,3.5762786865234375e-06
5,exact,0,5,2,150,113,0.7533333333333333,5.451276540756226,3.5762786865234375e-06
5,exact,0,5,3,150,124,0.8266666666666667,5.451276540756226,3.5762786865234375e-06
5,exact,0,5,4,150,96,0.64,5.451276540756226,3.5762786865234375e-06
5,exact,0,5,5,150,150,1.0,5.451276540756226,3.5762786865234375e-06
5,mp-gan,0,1,1,150,149,0.9933333333333333,3.5720255374908447,27.606716871261597
5,mp-gan,0,2,1,150,49,0.32666666666666666,5.22264838218689,27.763017177581787
5,mp-gan,0,2,2,150,131,0.8733333333333333,5.22264838218689,27.763017177581787
5,mp-gan,0,3,1,150,25,0.16666666666666666,5.337449550628662,27.649193286895752
5,mp-gan,0,3,2,150,12,0.08,5.337449550628662,27.649193286895752
5,mp-gan,0,3,3,150,150,1.0,5.337449550628662,27.649193286895752
5,mp-gan,0,4,1,150,48,0.32,5.386303186416626,27.652088165283203
5,mp-gan,0,4,2,150,0,0.0,5.386303186416626,27.652088165283203
5,mp-gan,0,4,3,150,0,0.0,5.386303186416626,27.652088165283203
5,mp-gan,0,4,4,150,150,1.0,5.386303186416626,27.652088165283203
5,mp-gan,0,5,1,150,5,0.03333333333333333,5.43453049659729,27.87956738471985
5,mp-gan,0,5,2,150,40,0.26666666666666666,5.43453049659729,27.87956738471985
5,mp-gan,0,5,3,150,0,0.0,5.43453049659729,27.87956738471985
5,mp-gan,0,5,4,150,130,0.8666666666666667,5.43453049659729,27.87956738471985
5,mp-gan,0,5,5,150,150,1.0,5.43453049659729,27.87956738471985
5,mp-wgan,0,1,1,150,147,0.98,3.523160696029663,48.42665910720825
5,mp-wgan,0,2,1,150,0,0.0,5.266063213348389,48.11770033836365
5,mp-wgan,0,2,2,150,132,0.88,5.266063213348389,48.11770033836365
5,mp-wgan,0,3,1,150,0,0.0,5.214599847793579,47.843419551849365
5,mp-wgan,0,3,2,150,0,0.0,5.214599847793579,47.843419551849365
5,mp-wgan,0,3,3,150,150,1.0,5.214599847793579,47.843419551849365
5,mp-wgan,0,4,1,150,0,0.0,5.364027261734009,47.70121479034424
5,mp-wgan,0,4,2,150,0,0.0,5.364027261734009,47.70121479034424
5,mp-wgan,0,4,3,150,0,0.0,5.364027261734009,47.70121479034424
5,mp-wgan,0,4,4,150,150,1.0,5.364027261734009,47.70121479034424
5,mp-wgan,0,5,1,150,0,0.0,5.372615098953247,47.74652552604675
5,mp-wgan,0,5,2,150,0,0.0,5.372615098953247,47.74652552604675
5,mp-wgan,0,5,3,150,0,0.0,5.372615098953247,47.74652552604675
5,mp-wgan,0,5,4,150,0,0.0,5.372615098953247,47.74652552604675
5,mp-wgan,0,5,5,150,150,1.0,5.372615098953247,47.74652552604675
5,sg-cgan,0,1,1,150,149,0.9933333333333333,3.5272929668426514,62.29702043533325
5,sg-cgan,0,2,1,150,144,0.96,5.507086753845215,122.33196377754211
5,sg-cgan,0,2,2,150,128,0.8533333333333334,5.507086753845215,122.33196377754211
5,sg-cgan,0,3,1,150,29,0.19333333333333333,5.3465256690979,122.7038643360138
5,sg-cgan,0,3,2,150,6,0.04,5.3465256690979,122.7038643360138
5,sg-cgan,0,3,3,150,150,1.0,5.3465256690979,122.7038643360138
5,sg-cgan,0,4,1,150,13,0.08666666666666667,5.348482608795166,122.9535014629364
5,sg-cgan,0,4,2,150,0,0.0,5.348482608795166,122.9535014629364
5,sg-cgan,0,4,3,150,12,0.08,5.348482608795166,122.9535014629364
5,sg-cgan,0,4,4,150,150,1.0,5.348482608795166,122.9535014629364
5,sg-cgan,0,5,1,150,27,0.18,5.444950103759766,122.78573489189148
5,sg-cgan,0,5,2,150,0,0.0,5.444950103759766,122.78573489189148
5,sg-cgan,0,5,3,150,1,0.006666666666666667,5.444950103759766,122.78573489189148
5,sg-cgan,0,5,4,150,118,0.7866666666666666,5.444950103759766,122.78573489189148
5,sg-cgan,0,5,5,150,150,1.0,5.444950103759766,122.78573489189148
5,sg-cwgan,0,1,1,150,149,0.9933333333333333,3.5435190200805664,117.73751139640808
5,sg-cwgan,0,2,1,150,0,0.0,5.211366415023804,193.86129593849182
5,sg-cwgan,0,2,2,150,123,0.82,5.211366415023804,193.86129593849182
5,sg-cwgan,0,3,1,150,0,0.0,5.275513648986816,208.19442176818848
5,sg-cwgan,0,3,2,150,0,0.0,5.275513648986816,208.19442176818848
5,sg-cwgan,0,3,3,150,150,1.0,5.275513648986816,208.19442176818848
5,sg-cwgan,0,4,1,150,0,0.0,5.21290922164917,1039.000336408615
5,sg-cwgan,0,4,2,150,0,0.0,5.21290922164917,1039.000336408615
5,sg-cwgan,0,4,3,150,0,0.0,5.21290922164917,1039.000336408615
5,sg-cwgan,0,4,4,150,150,1.0,5.21290922164917,1039.000336408615
5,sg-cwgan,0,5,1,150,0,0.0,5.389382362365723,207.2446322441101
5,sg-cwgan,0,5,2,150,0,0.0,5.389382362365723,207.2446322441101
5,sg-cwgan,0,5,3,150,0,0.0,5.389382362365723,207.2446322441101
5,sg-cwgan,0,5,4,150,0,0.0,5.389382362365723,207.2446322441101
5,sg-cwgan,0,5,5,150,150,1.0,5.389382362365723,207.2446322441101
5,lwf,0,1,1,150,148,0.9866666666666667,2.3796615600585938,1.9073486328125e-06
5,lwf,0,2,1,150,24,0.16,2.940183639526367,1.9073486328125e-06
5,lwf,0,2,2,150,74,0.49333333333333335,2.940183639526367,1.9073486328125e-06
5,lwf,0,3,1,150,1,0.006666666666666667,2.978776693344116,2.1457672119140625e-06
5,lwf,0,3,2,150,0,0.0,2.978776693344116,2.1457672119140625e-06
5,lwf,0,3,3,150,150,1.0,2.978776693344116,2.1457672119140625e-06
5,lwf,0,4,1,150,0,0.0,2.9731357097625732,2.1457672119140625e-06
5,lwf,0,4,2,150,0,0.0,2.9731357097625732,2.1457672119140625e-06
5,lwf,0,4,3,150,0,0.0,2.9731357097625732,2.1457672119140625e-06
5,lwf,0,4,4,150,150,1.0,2.9731357097625732,2.1457672119140625e-06
5,lwf,0,5,1,150,0,0.0,3.0021257400512695,2.1457672119140625e-06
5,lwf,0,5,2,150,0,0.0,3.0021257400512695,2.1457672119140625e-06
5,lwf,0,5,3,150,0,0.0,3.0021257400512695,2.1457672119140625e-06
5,lwf,0,5,4,150,0,0.0,3.0021257400512695,2.1457672119140625e-06
5,lwf,0,5,5,150,150,1.0,3.0021257400512695,2.1457672119140625e-06
5,ewc,0,1,1,150,147,0.98,3.6482794284820557,1.0967254638671875e-05
5,ewc,0,2,1,150,0,0.0,3.8120205402374268,2.384185791015625e-06
5,ewc,0,2,2,150,132,0.88,3.8120205402374268,2.384185791015625e-06
5,ewc,0,3,1,150,0,0.0,3.854435920715332,2.6226043701171875e-06
5,ewc,0,3,2,150,0,0.0,3.854435920715332,2.6226043701171875e-06
5,ewc,0,3,3,150,150,1.0,3.854435920715332,2.6226043701171875e-06
5,ewc,0,4,1,150,0,0.0,3.846580982208252,1.9073486328125e-06
5,ewc,0,4,2,150,0,0.0,3.846580982208252,1.9073486328125e-06
5,ewc,0,4,3,150,0,0.0,3.846580982208252,1.9073486328125e-06
5,ewc,0,4,4,150,150,1.0,3.846580982208252,1.9073486328125e-06
5,ewc,0,5,1,150,0,0.0,3.8623995780944824,1.9073486328125e-06
5,ewc,0,5,2,150,0,0.0,3.8623995780944824,1.9073486328125e-06
5,ewc,0,5,3,150,0,0.0,3.8623995780944824,1.9073486328125e-06
5,ewc,0,5,4,150,0,0.0,3.8623995780944824,1.9073486328125e-06
5,ewc,0,5,5,150,150,1.0,3.8623995780944824,1.9073486328125e-06
6,offline,0,None,1,150,34,0.22666666666666666,None,None
6,offline,0,None,2,150,101,0.6733333333333333,None,None
6,offline,0,None,3,200,154,0.77,None,None
6,offline,0,None,4,150,61,0.4066666666666667,None,None
6,offline,0,None,5,150,143,0.9533333333333334,None,None
6,none,0,1,1,150,150,1.0,3.670552968978882,2.6226043701171875e-06
6,none,0,2,1,150,0,0.0,3.8524460792541504,2.6226043701171875e-06
6,none,0,2,2,150,150,1.0,3.8524460792541504,2.6226043701171875e-06
6,none,0,3,1,150,0,0.0,3.837705135345459,2.86102294921875e-06
6,none,0,3,2,150,0,0.0,3.837705135345459,2.86102294921875e-06
6,none,0,3,3,200,200,1.0,3.837705135345459,2.86102294921875e-06
6,none,0,4,1,150,0,0.0,3.823171615600586,3.337860107421875e-06
6,none,0,4,2,150,0,0.0,3.823171615600586,3.337860107421875e-06
6,none,0,4,3,200,0,0.0,3.823171615600586,3.337860107421875e-06
6,none,0,4,4,150,150,1.0,3.823171615600586,3.337860107421875e-06
6,none,0,5,1,150,0,0.0,3.869784355163574,2.86102294921875e-06
6,none,0,5,2,150,0,0.0,3.869784355163574,2.86102294921875e-06
6,none,0,5,3,200,0,0.0,3.869784355163574,2.86102294921875e-06
6,none,0,5,4,150,0,0.0,3.869784355163574,2.86102294921875e-06
6,none,0,5,5,150,150,1.0,3.869784355163574,2.86102294921875e-06
6,exact,0,1,1,150,150,1.0,3.5791537761688232,3.814697265625e-06
6,exact,0,2,1,150,147,0.98,5.38107442855835,2.6226043701171875e-06
6,exact,0,2,2,150,112,0.7466666666666667,5.38107442855835,2.6226043701171875e-06
6,exact,0,3,1,150,136,0.9066666666666666,5.583082675933838,2.384185791015625e-06
6,exact,0,3,2,150,124,0.8266666666666667,5.583082675933838,2.384185791015625e-06
6,exact,0,3,3,200,171,0.855,5.583082675933838,2.384185791015625e-06
6,exact,0,4,1,150,127,0.8466666666666667,5.5700507164001465,2.384185791015625e-06
6,exact,0,4,2,150,95,0.6333333333333333,5.5700507164001465,2.384185791015625e-06
6,exact,0,4,3,200,151,0.755,5.5700507164001465,2.384185791015625e-06
6,exact,0,4,4,150,125,0.8333333333333334,5.5700507164001465,2.384185791015625e-06
6,exact,0,5,1,150,102,0.68,5.585774898529053,2.6226043701171875e-06
6,exact,0,5,2,150,144,0.96,5.585774898529053,2.6226043701171875e-06
6,exact,0,5,3,200,142,0.71,5.585774898529053,2.6226043701171875e-06
6,exact,0,5,4,150,78,0.52,5.585774898529053,2.6226043701171875e-06
6,exact,0,5,5,150,148,0.9866666666666667,5.585774898529053,2.6226043701171875e-06
6,mp-gan,0,1,1,150,150,1.0,3.588914155960083,28.618903636932373
6,mp-gan,0,2,1,150,0,0.0,5.365803003311157,28.752923727035522
6,mp-gan,0,2,2,150,150,1.0,5.365803003311157,28.752923727035522
6,mp-gan,0,3,1,150,0,0.0,5.467109680175781,29.181732416152954
6,mp-gan,0,3,2,150,56,0.37333333333333335,5.467109680175781,29.181732416152954
6,mp-gan,0,3,3,200,199,0.995,5.467109680175781,29.181732416152954
6,mp-gan,0,4,1,150,0,0.0,5.437711000442505,28.89033317565918
6,mp-gan,0,4,2,150,0,0.0,5.437711000442505,28.89033317565918
6,mp-gan,0,4,3,200,35,0.175,5.437711000442505,28.89033317565918
6,mp-gan,0,4,4,150,150,1.0,5.437711000442505,28.89033317565918
6,mp-gan,0,5,1,150,0,0.0,5.510010480880737,28.868201732635498
6,mp-gan,0,5,2,150,0,0.0,5.510010480880737,28.868201732635498
6,mp-gan,0,5,3,200,0,0.0,5.510010480880737,28.868201732635498
6,mp-gan,0,5,4,150,82,0.5466666666666666,5.510010480880737,28.868201732635498
6,mp-gan,0,5,5,150,150,1.0,5.510010480880737,28.868201732635498
6,mp-wgan,0,1,1,150,150,1.0,3.612546682357788,49.035306215286255
6,mp-wgan,0,2,1,150,0,0.0,5.480636835098267,49.0381383895874
6,mp-wgan,0,2,2,150,150,1.0,5.480636835098267,49.0381383895874
6,mp-wgan,0,3,1,150,0,0.0,5.335982084274292,49.141618967056274
6,mp-wgan,0,3,2,150,0,0.0,5.335982084274292,49.141618967056274
6,mp-wgan,0,3,3,200,199,0.995,5.335982084274292,49.141618967056274
6,mp-wgan,0,4,1,150,0,0.0,5.439040899276733,48.86135268211365
6,mp-wgan,0,4,2,150,0,0.0,5.439040899276733,48.86135268211365
6,mp-wgan,0,4,3,200,0,0.0,5.439040899276733,48.86135268211365
6,mp-wgan,0,4,4,150,150,1.0,5.439040899276733,48.86135268211365
6,mp-wgan,0,5,1,150,0,0.0,5.598612070083618,49.7681143283844
6,mp-wgan,0,5,2,150,0,0.0,5.598612070083618,49.7681143283844
6,mp-wgan,0,5,3,200,0,0.0,5.598612070083618,49.7681143283844
6,mp-wgan,0,5,4,150,0,0.0,5.598612070083618,49.7681143283844
6,mp-wgan,0,5,5,150,150,1.0,5.598612070083618,49.7681143283844
6,sg-cgan,0,1,1,150,150,1.0,3.571519136428833,65.64420413970947
6,sg-cgan,0,2,1,150,0,0.0,5.312185525894165,128.57620906829834
6,sg-cgan,0,2,2,150,150,1.0,5.312185525894165,128.57620906829834
6,sg-cgan,0,3,1,150,0,0.0,5.418521165847778,129.36706280708313
6,sg-cgan,0,3,2,150,2,0.013333333333333334,5.418521165847778,129.36706280708313
6,sg-cgan,0,3,3,200,199,0.995,5.418521165847778,129.36706280708313
6,sg-cgan,0,4,1,150,0,0.0,5.405974388122559,128.79769611358643
6,sg-cgan,0,4,2,150,0,0.0,5.405974388122559,128.79769611358643
6,sg-cgan,0,4,3,200,0,0.0,5.405974388122559,128.79769611358643
6,sg-cgan,0,4,4,150,150,1.0,5.405974388122559,128.79769611358643
6,sg-cgan,0,5,1,150,0,0.0,5.453370809555054,128.97395825386047
6,sg-cgan,0,5,2,150,0,0.0,5.453370809555054,128.97395825386047
6,sg-cgan,0,5,3,200,19,0.095,5.453370809555054,128.97395825386047
6,sg-cgan,0,5,4,150,110,0.7333333333333333,5.453370809555054,128.97395825386047
6,sg-cgan,0,5,5,150,150,1.0,5.453370809555054,128.97395825386047
6,sg-cwgan,0,1,1,150,150,1.0,3.527520179748535,102.24005174636841
6,sg-cwgan,0,2,1,150,0,0.0,5.271047830581665,203.09479212760925
6,sg-cwgan,0,2,2,150,150,1.0,5.271047830581665,203.09479212760925
6,sg-cwgan,0,3,1,150,0,0.0,5.212830543518066,202.40678477287292
6,sg-cwgan,0,3,2,150,0,0.0,5.212830543518066,202.40678477287292
6,sg-cwgan,0,3,3,200,199,0.995,5.212830543518066,202.40678477287292
6,sg-cwgan,0,4,1,150,0,0.0,5.209137678146362,202.15619015693665
6,sg-cwgan,0,4,2,150,0,0.0,5.209137678146362,202.15619015693665
6,sg-cwgan,0,4,3,200,0,0.0,5.209137678146362,202.15619015693665
6,sg-cwgan,0,4,4,150,150,1.0,5.209137678146362,202.15619015693665
6,sg-cwgan,0,5,1,150,0,0.0,5.227250337600708,202.85731482505798
6,sg-cwgan,0,5,2,150,0,0.0,5.227250337600708,202.85731482505798
6,sg-cwgan,0,5,3,200,0,0.0,5.227250337600708,202.85731482505798
6,sg-cwgan,0,5,4,150,82,0.5466666666666666,5.227250337600708,202.85731482505798
6,sg-cwgan,0,5,5,150,150,1.0,5.227250337600708,202.85731482505798
6,lwf,0,1,1,150,150,1.0,2.322681188583374,1.6689300537109375e-06
6,lwf,0,2,1,150,0,0.0,2.9356954097747803,1.6689300537109375e-06
6,lwf,0,2,2,150,150,1.0,2.9356954097747803,1.6689300537109375e-06
6,lwf,0,3,1,150,0,0.0,2.938953399658203,1.9073486328125e-06
6,lwf,0,3,2,150,0,0.0,2.938953399658203,1.9073486328125e-06
6,lwf,0,3,3,200,199,0.995,2.938953399658203,1.9073486328125e-06
6,lwf,0,4,1,150,0,0.0,2.927042245864868,2.384185791015625e-06
6,lwf,0,4,2,150,0,0.0,2.927042245864868,2.384185791015625e-06
6,lwf,0,4,3,200,15,0.075,2.927042245864868,2.384185791015625e-06
6,lwf,0,4,4,150,150,1.0,2.927042245864868,2.384185791015625e-06
6,lwf,0,5,1,150,0,0.0,2.9844274520874023,1.9073486328125e-06
6,lwf,0,5,2,150,0,0.0,2.9844274520874023,1.9073486328125e-06
6,lwf,0,5,3,200,0,0.0,2.9844274520874023,1.9073486328125e-06
6,lwf,0,5,4,150,129,0.86,2.9844274520874023,1.9073486328125e-06
6,lwf,0,5,5,150,67,0.44666666666666666,2.9844274520874023,1.9073486328125e-06
6,ewc,0,1,1,150,150,1.0,3.516956090927124,2.384185791015625e-06
6,ewc,0,2,1,150,0,0.0,3.7450151443481445,2.384185791015625e-06
6,ewc,0,2,2,150,150,1.0,3.7450151443481445,2.384185791015625e-06
6,ewc,0,3,1,150,0,0.0,3.746138572692871,4.5299530029296875e-06
6,ewc,0,3,2,150,0,0.0,3.746138572692871,4.5299530029296875e-06
6,ewc,0,3,3,200,200,1.0,3.746138572692871,4.5299530029296875e-06
6,ewc,0,4,1,150,0,0.0,3.751520872116089,2.6226043701171875e-06
6,ewc,0,4,2,150,0,0.0,3.751520872116089,2.6226043701171875e-06
6,ewc,0,4,3,200,0,0.0,3.751520872116089,2.6226043701171875e-06
6,ewc,0,4,4,150,150,1.0,3.751520872116089,2.6226043701171875e-06
6,ewc,0,5,1,150,0,0.0,3.762951135635376,3.337860107421875e-06
6,ewc,0,5,2,150,0,0.0,3.762951135635376,3.337860107421875e-06
6,ewc,0,5,3,200,0,0.0,3.762951135635376,3.337860107421875e-06
6,ewc,0,5,4,150,0,0.0,3.762951135635376,3.337860107421875e-06
6,ewc,0,5,5,150,150,1.0,3.762951135635376,3.337860107421875e-06
7,offline,0,None,1,150,72,0.48,None,None
7,offline,0,None,2,150,135,0.9,None,None
7,offline,0,None,3,150,62,0.41333333333333333,None,None
7,offline,0,None,4,150,149,0.9933333333333333,None,None
7,offline,0,None,5,150,145,0.9666666666666667,None,None
7,none,0,1,1,150,150,1.0,3.5486602783203125,2.86102294921875e-06
7,none,0,2,1,150,0,0.0,3.7701492309570312,2.384185791015625e-06
7,none,0,2,2,150,150,1.0,3.7701492309570312,2.384185791015625e-06
7,none,0,3,1,150,0,0.0,3.7537083625793457,2.1457672119140625e-06
7,none,0,3,2,150,0,0.0,3.7537083625793457,2.1457672119140625e-06
7,none,0,3,3,150,114,0.76,3.7537083625793457,2.1457672119140625e-06
7,none,0,4,1,150,0,0.0,3.76371169090271,2.86102294921875e-06
7,none,0,4,2,150,0,0.0,3.76371169090271,2.86102294921875e-06
7,none,0,4,3,150,0,0.0,3.76371169090271,2.86102294921875e-06
7,none,0,4,4,150,150,1.0,3.76371169090271,2.86102294921875e-06
7,none,0,5,1,150,0,0.0,3.7396912574768066,1.9073486328125e-06
7,none,0,5,2,150,0,0.0,3.7396912574768066,1.9073486328125e-06
7,none,0,5,3,150,0,0.0,3.7396912574768066,1.9073486328125e-06
7,none,0,5,4,150,0,0.0,3.7396912574768066,1.9073486328125e-06
7,none,0,5,5,150,150,1.0,3.7396912574768066,1.9073486328125e-06
7,exact,0,1,1,150,150,1.0,3.5495924949645996,2.1457672119140625e-06
7,exact,0,2,1,150,134,0.8933333333333333,5.299022912979126,3.5762786865234375e-06
7,exact,0,2,2,150,139,0.9266666666666666,5.299022912979126,3.5762786865234375e-06
7,exact,0,3,1,150,97,0.6466666666666666,5.334892511367798,3.5762786865234375e-06
7,exact,0,3,2,150,114,0.76,5.334892511367798,3.5762786865234375e-06
7,exact,0,3,3,150,87,0.58,5.334892511367798,3.5762786865234375e-06
7,exact,0,4,1,150,138,0.92,5.40959906578064,2.1457672119140625e-06
7,exact,0,4,2,150,122,0.8133333333333334,5.40959906578064,2.1457672119140625e-06
7,exact,0,4,3,150,62,0.41333333333333333,5.40959906578064,2.1457672119140625e-06
7,exact,0,4,4,150,150,1.0,5.40959906578064,2.1457672119140625e-06
7,exact,0,5,1,150,111,0.74,5.478485584259033,2.384185791015625e-06
7,exact,0,5,2,150,106,0.7066666666666667,5.478485584259033,2.384185791015625e-06
7,exact,0,5,3,150,111,0.74,5.478485584259033,2.384185791015625e-06
7,exact,0,5,4,150,142,0.9466666666666667,5.478485584259033,2.384185791015625e-06
7,exact,0,5,5,150,150,1.0,5.478485584259033,2.384185791015625e-06
7,mp-gan,0,1,1,150,150,1.0,3.6269848346710205,28.108503341674805
7,mp-gan,0,2,1,150,0,0.0,5.263680934906006,28.237731456756592
7,mp-gan,0,2,2,150,150,1.0,5.263680934906006,28.237731456756592
7,mp-gan,0,3,1,150,2,0.013333333333333334,5.322634935379028,28.34454846382141
7,mp-gan,0,3,2,150,73,0.4866666666666667,5.322634935379028,28.34454846382141
7,mp-gan,0,3,3,150,99,0.66,5.322634935379028,28.34454846382141
7,mp-gan,0,4,1,150,0,0.0,5.367973327636719,28.079055547714233
7,mp-gan,0,4,2,150,7,0.04666666666666667,5.367973327636719,28.079055547714233
7,mp-gan,0,4,3,150,78,0.52,5.367973327636719,28.079055547714233
7,mp-gan,0,4,4,150,150,1.0,5.367973327636719,28.079055547714233
7,mp-gan,0,5,1,150,0,0.0,5.385331630706787,28.358126640319824
7,mp-gan,0,5,2,150,19,0.12666666666666668,5.385331630706787,28.358126640319824
7,mp-gan,0,5,3,150,75,0.5,5.385331630706787,28.358126640319824
7,mp-gan,0,5,4,150,83,0.5533333333333333,5.385331630706787,28.358126640319824
7,mp-gan,0,5,5,150,150,1.0,5.385331630706787,28.358126640319824
7,mp-wgan,0,1,1,150,150,1.0,3.603339910507202,49.40361404418945
7,mp-wgan,0,2,1,150,0,0.0,5.288876533508301,48.46367144584656
7,mp-wgan,0,2,2,150,150,1.0,5.288876533508301,48.46367144584656
7,mp-wgan,0,3,1,150,0,0.0,5.300530433654785,48.43583869934082
7,mp-wgan,0,3,2,150,24,0.16,5.300530433654785,48.43583869934082
7,mp-wgan,0,3,3,150,117,0.78,5.300530433654785,48.43583869934082
7,mp-wgan,0,4,1,150,0,0.0,5.329861402511597,48.04800844192505
7,mp-wgan,0,4,2,150,0,0.0,5.329861402511597,48.04800844192505
7,mp-wgan,0,4,3,150,0,0.0,5.329861402511597,48.04800844192505
7,mp-wgan,0,4,4,150,150,1.0,5.329861402511597,48.04800844192505
7,mp-wgan,0,5,1,150,0,0.0,5.338160037994385,48.18422555923462
7,mp-wgan,0,5,2,150,0,0.0,5.338160037994385,48.18422555923462
7,mp-wgan,0,5,3,150,0,0.0,5.338160037994385,48.18422555923462
7,mp-wgan,0,5,4,150,0,0.0,5.338160037994385,48.18422555923462
7,mp-wgan,0,5,5,150,150,1.0,5.338160037994385,48.18422555923462
7,sg-cgan,0,1,1,150,150,1.0,3.5566701889038086,63.84963083267212
7,sg-cgan,0,2,1,150,0,0.0,5.575563907623291,126.28079628944397
7,sg-cgan,0,2,2,150,150,1.0,5.575563907623291,126.28079628944397
7,sg-cgan,0,3,1,150,0,0.0,5.268564701080322,125.3479061126709
7,sg-cgan,0,3,2,150,67,0.44666666666666666,5.268564701080322,125.3479061126709
7,sg-cgan,0,3,3,150,110,0.7333333333333333,5.268564701080322,125.3479061126709
7,sg-cgan,0,4,1,150,0,0.0,5.283431053161621,125.84802222251892
7,sg-cgan,0,4,2,150,32,0.21333333333333335,5.283431053161621,125.84802222251892
7,sg-cgan,0,4,3,150,78,0.52,5.283431053161621,125.84802222251892
7,sg-cgan,0,4,4,150,150,1.0,5.283431053161621,125.84802222251892
7,sg-cgan,0,5,1,150,28,0.18666666666666668,5.435006856918335,124.84492421150208
7,sg-cgan,0,5,2,150,9,0.06,5.435006856918335,124.84492421150208
7,sg-cgan,0,5,3,150,0,0.0,5.435006856918335,124.84492421150208
7,sg-cgan,0,5,4,150,77,0.5133333333333333,5.435006856918335,124.84492421150208
7,sg-cgan,0,5,5,150,150,1.0,5.435006856918335,124.84492421150208
7,sg-cwgan,0,1,1,150,150,1.0,3.5282461643218994,99.28069043159485
7,sg-cwgan,0,2,1,150,0,0.0,5.350790500640869,194.22872686386108
7,sg-cwgan,0,2,2,150,150,1.0,5.350790500640869,194.22872686386108
7,sg-cwgan,0,3,1,150,61,0.4066666666666667,5.18932318687439,196.15155363082886
7,sg-cwgan,0,3,2,150,0,0.0,5.18932318687439,196.15155363082886
7,sg-cwgan,0,3,3,150,119,0.7933333333333333,5.18932318687439,196.15155363082886
7,sg-cwgan,0,4,1,150,0,0.0,5.260070562362671,195.53688883781433
7,sg-cwgan,0,4,2,150,0,0.0,5.260070562362671,195.53688883781433
7,sg-cwgan,0,4,3,150,0,0.0,5.260070562362671,195.53688883781433
7,sg-cwgan,0,4,4,150,150,1.0,5.260070562362671,195.53688883781433
7,sg-cwgan,0,5,1,150,0,0.0,5.202133655548096,195.4343101978302
7,sg-cwgan,0,5,2,150,0,0.0,5.202133655548096,195.4343101978302
7,sg-cwgan,0,5,3,150,0,0.0,5.202133655548096,195.4343101978302
7,sg-cwgan,0,5,4,150,0,0.0,5.202133655548096,195.4343101978302
7,sg-cwgan,0,5,5,150,150,1.0,5.202133655548096,195.4343101978302
7,lwf,0,1,1,150,150,1.0,2.3467302322387695,4.5299530029296875e-06
7,lwf,0,2,1,150,0,0.0,2.896395206451416,1.9073486328125e-06
7,lwf,0,2,2,150,150,1.0,2.896395206451416,1.9073486328125e-06
7,lwf,0,3,1,150,0,0.0,2.880213737487793,7.152557373046875e-06
7,lwf,0,3,2,150,78,0.52,2.880213737487793,7.152557373046875e-06
7,lwf,0,3,3,150,0,0.0,2.880213737487793,7.152557373046875e-06
7,lwf,0,4,1,150,0,0.0,2.900785207748413,2.1457672119140625e-06
7,lwf,0,4,2,150,36,0.24,2.900785207748413,2.1457672119140625e-06
7,lwf,0,4,3,150,0,0.0,2.900785207748413,2.1457672119140625e-06
7,lwf,0,4,4,150,150,1.0,2.900785207748413,2.1457672119140625e-06
7,lwf,0,5,1,150,0,0.0,2.889594078063965,2.1457672119140625e-06
7,lwf,0,5,2,150,0,0.0,2.889594078063965,2.1457672119140625e-06
7,lwf,0,5,3,150,0,0.0,2.889594078063965,2.1457672119140625e-06
7,lwf,0,5,4,150,37,0.24666666666666667,2.889594078063965,2.1457672119140625e-06
7,lwf,0,5,5,150,148,0.9866666666666667,2.889594078063965,2.1457672119140625e-06
7,ewc,0,1,1,150,150,1.0,3.554755449295044,2.86102294921875e-06
7,ewc,0,2,1,150,0,0.0,3.7552168369293213,2.86102294921875e-06
7,ewc,0,2,2,150,150,1.0,3.7552168369293213,2.86102294921875e-06
7,ewc,0,3,1,150,0,0.0,3.7497217655181885,2.86102294921875e-06
7,ewc,0,3,2,150,0,0.0,3.7497217655181885,2.86102294921875e-06
7,ewc,0,3,3,150,114,0.76,3.7497217655181885,2.86102294921875e-06
7,ewc,0,4,1,150,0,0.0,3.735593795776367,3.0994415283203125e-06
7,ewc,0,4,2,150,0,0.0,3.735593795776367,3.0994415283203125e-06
7,ewc,0,4,3,150,0,0.0,3.735593795776367,3.0994415283203125e-06
7,ewc,0,4,4,150,150,1.0,3.735593795776367,3.0994415283203125e-06
7,ewc,0,5,1,150,0,0.0,3.7185068130493164,2.6226043701171875e-06
7,ewc,0,5,2,150,0,0.0,3.7185068130493164,2.6226043701171875e-06
7,ewc,0,5,3,150,0,0.0,3.7185068130493164,2.6226043701171875e-06
7,ewc,0,5,4,150,0,0.0,3.7185068130493164,2.6226043701171875e-06
7,ewc,0,5,5,150,150,1.0,3.7185068130493164,2.6226043701171875e-06
8,offline,0,None,1,150,69,0.46,None,None
8,offline,0,None,2,150,150,1.0,None,None
8,offline,0,None,3,150,108,0.72,None,None
8,offline,0,None,4,200,96,0.48,None,None
8,offline,0,None,5,150,118,0.7866666666666666,None,None
8,none,0,1,1,150,150,1.0,3.506194591522217,2.6226043701171875e-06
8,none,0,2,1,150,0,0.0,3.720417022705078,2.1457672119140625e-06
8,none,0,2,2,150,150,1.0,3.720417022705078,2.1457672119140625e-06
8,none,0,3,1,150,0,0.0,3.7247109413146973,2.86102294921875e-06
8,none,0,3,2,150,0,0.0,3.7247109413146973,2.86102294921875e-06
8,none,0,3,3,150,115,0.7666666666666667,3.7247109413146973,2.86102294921875e-06
8,none,0,4,1,150,0,0.0,3.7413008213043213,3.337860107421875e-06
8,none,0,4,2,150,0,0.0,3.7413008213043213,3.337860107421875e-06
8,none,0,4,3,150,0,0.0,3.7413008213043213,3.337860107421875e-06
8,none,0,4,4,200,200,1.0,3.7413008213043213,3.337860107421875e-06
8,none,0,5,1,150,0,0.0,3.7317917346954346,2.1457672119140625e-06
8,none,0,5,2,150,0,0.0,3.7317917346954346,2.1457672119140625e-06
8,none,0,5,3,150,0,0.0,3.7317917346954346,2.1457672119140625e-06
8,none,0,5,4,200,0,0.0,3.7317917346954346,2.1457672119140625e-06
8,none,0,5,5,150,148,0.9866666666666667,3.7317917346954346,2.1457672119140625e-06
8,exact,0,1,1,150,150,1.0,3.5504541397094727,2.6226043701171875e-06
8,exact,0,2,1,150,149,0.9933333333333333,5.199291229248047,2.384185791015625e-06
8,exact,0,2,2,150,150,1.0,5.199291229248047,2.384185791015625e-06
8,exact,0,3,1,150,102,0.68,5.354259729385376,3.0994415283203125e-06
8,exact,0,3,2,150,150,1.0,5.354259729385376,3.0994415283203125e-06
8,exact,0,3,3,150,113,0.7533333333333333,5.354259729385376,3.0994415283203125e-06
8,exact,0,4,1,150,96,0.64,5.4672698974609375,2.1457672119140625e-06
8,exact,0,4,2,150,149,0.9933333333333333,5.4672698974609375,2.1457672119140625e-06
8,exact,0,4,3,150,84,0.56,5.4672698974609375,2.1457672119140625e-06
8,exact,0,4,4,200,175,0.875,5.4672698974609375,2.1457672119140625e-06
8,exact,0,5,1,150,129,0.86,5.658124685287476,1.9073486328125e-06
8,exact,0,5,2,150,141,0.94,5.658124685287476,1.9073486328125e-06
8,exact,0,5,3,150,86,0.5733333333333334,5.658124685287476,1.9073486328125e-06
8,exact,0,5,4,200,151,0.755,5.658124685287476,1.9073486328125e-06
8,exact,0,5,5,150,145,0.9666666666666667,5.658124685287476,1.9073486328125e-06
8,mp-gan,0,1,1,150,150,1.0,3.581667423248291,27.78524422645569
8,mp-gan,0,2,1,150,0,0.0,5.402487277984619,28.142431497573853
8,mp-gan,0,2,2,150,150,1.0,5.402487277984619,28.142431497573853
8,mp-gan,0,3,1,150,0,0.0,5.385967254638672,28.057754516601562
8,mp-gan,0,3,2,150,146,0.9733333333333334,5.385967254638672,28.057754516601562
8,mp-gan,0,3,3,150,118,0.7866666666666666,5.385967254638672,28.057754516601562
8,mp-gan,0,4,1,150,0,0.0,5.349961519241333,27.733222723007202
8,mp-gan,0,4,2,150,64,0.4266666666666667,5.349961519241333,27.733222723007202
8,mp-gan,0,4,3,150,9,0.06,5.349961519241333,27.733222723007202
8,mp-gan,0,4,4,200,200,1.0,5.349961519241333,27.733222723007202
8,mp-gan,0,5,1,150,0,0.0,5.363107204437256,28.058762550354004
8,mp-gan,0,5,2,150,58,0.38666666666666666,5.363107204437256,28.058762550354004
8,mp-gan,0,5,3,150,63,0.42,5.363107204437256,28.058762550354004
8,mp-gan,0,5,4,200,118,0.59,5.363107204437256,28.058762550354004
8,mp-gan,0,5,5,150,149,0.9933333333333333,5.363107204437256,28.058762550354004
8,mp-wgan,0,1,1,150,150,1.0,3.5165586471557617,47.92275428771973
8,mp-wgan,0,2,1,150,0,0.0,5.252307176589966,47.96382784843445
8,mp-wgan,0,2,2,150,150,1.0,5.252307176589966,47.96382784843445
8,mp-wgan,0,3,1,150,0,0.0,5.220369100570679,48.349161863327026
8,mp-wgan,0,3,2,150,77,0.5133333333333333,5.220369100570679,48.349161863327026
8,mp-wgan,0,3,3,150,114,0.76,5.220369100570679,48.349161863327026
8,mp-wgan,0,4,1,150,0,0.0,5.4132161140441895,48.478787422180176
8,mp-wgan,0,4,2,150,0,0.0,5.4132161140441895,48.478787422180176
8,mp-wgan,0,4,3,150,0,0.0,5.4132161140441895,48.478787422180176
8,mp-wgan,0,4,4,200,200,1.0,5.4132161140441895,48.478787422180176
8,mp-wgan,0,5,1,150,0,0.0,5.369980335235596,47.96860361099243
8,mp-wgan,0,5,2,150,5,0.03333333333333333,5.369980335235596,47.96860361099243
8,mp-wgan,0,5,3,150,0,0.0,5.369980335235596,47.96860361099243
8,mp-wgan,0,5,4,200,89,0.445,5.369980335235596,47.96860361099243
8,mp-wgan,0,5,5,150,149,0.9933333333333333,5.369980335235596,47.96860361099243
8,sg-cgan,0,1,1,150,150,1.0,3.5380899906158447,61.885952949523926
8,sg-cgan,0,2,1,150,86,0.5733333333333334,5.212985277175903,122.82486295700073
8,sg-cgan,0,2,2,150,150,1.0,5.212985277175903,122.82486295700073
8,sg-cgan,0,3,1,150,22,0.14666666666666667,5.365392208099365,123.47963523864746
8,sg-cgan,0,3,2,150,150,1.0,5.365392208099365,123.47963523864746
8,sg-cgan,0,3,3,150,112,0.7466666666666667,5.365392208099365,123.47963523864746
8,sg-cgan,0,4,1,150,0,0.0,5.241386890411377,125.82708501815796
8,sg-cgan,0,4,2,150,0,0.0,5.241386890411377,125.82708501815796
8,sg-cgan,0,4,3,150,13,0.08666666666666667,5.241386890411377,125.82708501815796
8,sg-cgan,0,4,4,200,200,1.0,5.241386890411377,125.82708501815796
8,sg-cgan,0,5,1,150,0,0.0,5.291124105453491,123.44743466377258
8,sg-cgan,0,5,2,150,0,0.0,5.291124105453491,123.44743466377258
8,sg-cgan,0,5,3,150,29,0.19333333333333333,5.291124105453491,123.44743466377258
8,sg-cgan,0,5,4,200,113,0.565,5.291124105453491,123.44743466377258
8,sg-cgan,0,5,5,150,149,0.9933333333333333,5.291124105453491,123.44743466377258
8,sg-cwgan,0,1,1,150,150,1.0,3.522623062133789,98.00076103210449
8,sg-cwgan,0,2,1,150,70,0.4666666666666667,5.324944972991943,194.20096516609192
8,sg-cwgan,0,2,2,150,150,1.0,5.324944972991943,194.20096516609192
8,sg-cwgan,0,3,1,150,0,0.0,5.1966588497161865,194.29855060577393
8,sg-cwgan,0,3,2,150,0,0.0,5.1966588497161865,194.29855060577393
8,sg-cwgan,0,3,3,150,113,0.7533333333333333,5.1966588497161865,194.29855060577393
8,sg-cwgan,0,4,1,150,0,0.0,5.279518365859985,194.18694162368774
8,sg-cwgan,0,4,2,150,0,0.0,5.279518365859985,194.18694162368774
8,sg-cwgan,0,4,3,150,0,0.0,5.279518365859985,194.18694162368774
8,sg-cwgan,0,4,4,200,200,1.0,5.279518365859985,194.18694162368774
8,sg-cwgan,0,5,1,150,0,0.0,5.210822582244873,193.5370056629181
8,sg-cwgan,0,5,2,150,0,0.0,5.210822582244873,193.5370056629181
8,sg-cwgan,0,5,3,150,0,0.0,5.210822582244873,193.5370056629181
8,sg-cwgan,0,5,4,200,0,0.0,5.210822582244873,193.5370056629181
8,sg-cwgan,0,5,5,150,147,0.98,5.210822582244873,193.5370056629181
8,lwf,0,1,1,150,150,1.0,2.32800030708313,1.9073486328125e-06
8,lwf,0,2,1,150,14,0.09333333333333334,2.9255242347717285,1.6689300537109375e-06
8,lwf,0,2,2,150,149,0.9933333333333333,2.9255242347717285,1.6689300537109375e-06
8,lwf,0,3,1,150,0,0.0,2.9143548011779785,1.9073486328125e-06
8,lwf,0,3,2,150,71,0.47333333333333333,2.9143548011779785,1.9073486328125e-06
8,lwf,0,3,3,150,0,0.0,2.9143548011779785,1.9073486328125e-06
8,lwf,0,4,1,150,0,0.0,2.9156570434570312,1.430511474609375e-06
8,lwf,0,4,2,150,0,0.0,2.9156570434570312,1.430511474609375e-06
8,lwf,0,4,3,150,0,0.0,2.9156570434570312,1.430511474609375e-06
8,lwf,0,4,4,200,187,0.935,2.9156570434570312,1.430511474609375e-06
8,lwf,0,5,1,150,0,0.0,2.90665602684021,1.9073486328125e-06
8,lwf,0,5,2,150,1,0.006666666666666667,2.90665602684021,1.9073486328125e-06
8,lwf,0,5,3,150,0,0.0,2.90665602684021,1.9073486328125e-06
8,lwf,0,5,4,200,50,0.25,2.90665602684021,1.9073486328125e-06
8,lwf,0,5,5,150,79,0.5266666666666666,2.90665602684021,1.9073486328125e-06
8,ewc,0,1,1,150,150,1.0,3.51737117767334,1.9073486328125e-06
8,ewc,0,2,1,150,0,0.0,3.7433183193206787,1.6689300537109375e-06
8,ewc,0,2,2,150,150,1.0,3.7433183193206787,1.6689300537109375e-06
8,ewc,0,3,1,150,0,0.0,3.70698618888855,2.6226043701171875e-06
8,ewc,0,3,2,150,0,0.0,3.70698618888855,2.6226043701171875e-06
8,ewc,0,3,3,150,115,0.7666666666666667,3.70698618888855,2.6226043701171875e-06
8,ewc,0,4,1,150,0,0.0,3.718230724334717,2.384185791015625e-06
8,ewc,0,4,2,150,0,0.0,3.718230724334717,2.384185791015625e-06
8,ewc,0,4,3,150,0,0.0,3.718230724334717,2.384185791015625e-06
8,ewc,0,4,4,200,200,1.0,3.718230724334717,2.384185791015625e-06
8,ewc,0,5,1,150,0,0.0,3.723369836807251,2.384185791015625e-06
8,ewc,0,5,2,150,0,0.0,3.723369836807251,2.384185791015625e-06
8,ewc,0,5,3,150,0,0.0,3.723369836807251,2.384185791015625e-06
8,ewc,0,5,4,200,0,0.0,3.723369836807251,2.384185791015625e-06
8,ewc,0,5,5,150,148,0.9866666666666667,3.723369836807251,2.384185791015625e-06
9,offline,0,None,1,150,44,0.29333333333333333,None,None
9,offline,0,None,2,150,150,1.0,None,None
9,offline,0,None,3,150,145,0.9666666666666667,None,None
9,offline,0,None,4,150,149,0.9933333333333333,None,None
9,offline,0,None,5,200,81,0.405,None,None
9,none,0,1,1,150,150,1.0,3.4808614253997803,2.6226043701171875e-06
9,none,0,2,1,150,0,0.0,3.753068208694458,2.384185791015625e-06
9,none,0,2,2,150,150,1.0,3.753068208694458,2.384185791015625e-06
9,none,0,3,1,150,0,0.0,3.6998236179351807,3.0994415283203125e-06
9,none,0,3,2,150,0,0.0,3.6998236179351807,3.0994415283203125e-06
9,none,0,3,3,150,150,1.0,3.6998236179351807,3.0994415283203125e-06
9,none,0,4,1,150,0,0.0,3.69008731842041,2.384185791015625e-06
9,none,0,4,2,150,0,0.0,3.69008731842041,2.384185791015625e-06
9,none,0,4,3,150,0,0.0,3.69008731842041,2.384185791015625e-06
9,none,0,4,4,150,149,0.9933333333333333,3.69008731842041,2.384185791015625e-06
9,none,0,5,1,150,0,0.0,3.704737901687622,3.0994415283203125e-06
9,none,0,5,2,150,0,0.0,3.704737901687622,3.0994415283203125e-06
9,none,0,5,3,150,0,0.0,3.704737901687622,3.0994415283203125e-06
9,none,0,5,4,150,0,0.0,3.704737901687622,3.0994415283203125e-06
9,none,0,5,5,200,178,0.89,3.704737901687622,3.0994415283203125e-06
9,exact,0,1,1,150,150,1.0,3.4729197025299072,2.384185791015625e-06
9,exact,0,2,1,150,141,0.94,5.1722705364227295,2.86102294921875e-06
9,exact,0,2,2,150,150,1.0,5.1722705364227295,2.86102294921875e-06
9,exact,0,3,1,150,142,0.9466666666666667,5.250947713851929,2.384185791015625e-06
9,exact,0,3,2,150,150,1.0,5.250947713851929,2.384185791015625e-06
9,exact,0,3,3,150,111,0.74,5.250947713851929,2.384185791015625e-06
9,exact,0,4,1,150,139,0.9266666666666666,5.336618423461914,2.384185791015625e-06
9,exact,0,4,2,150,150,1.0,5.336618423461914,2.384185791015625e-06
9,exact,0,4,3,150,137,0.9133333333333333,5.336618423461914,2.384185791015625e-06
9,exact,0,4,4,150,148,0.9866666666666667,5.336618423461914,2.384185791015625e-06
9,exact,0,5,1,150,79,0.5266666666666666,5.4149041175842285,3.337860107421875e-06
9,exact,0,5,2,150,145,0.9666666666666667,5.4149041175842285,3.337860107421875e-06
9,exact,0,5,3,150,84,0.56,5.4149041175842285,3.337860107421875e-06
9,exact,0,5,4,150,147,0.98,5.4149041175842285,3.337860107421875e-06
9,exact,0,5,5,200,181,0.905,5.4149041175842285,3.337860107421875e-06
9,mp-gan,0,1,1,150,150,1.0,3.5420751571655273,27.59892725944519
9,mp-gan,0,2,1,150,69,0.46,5.190295696258545,27.49210286140442
9,mp-gan,0,2,2,150,150,1.0,5.190295696258545,27.49210286140442
9,mp-gan,0,3,1,150,0,0.0,5.226516246795654,27.6238431930542
9,mp-gan,0,3,2,150,82,0.5466666666666666,5.226516246795654,27.6238431930542
9,mp-gan,0,3,3,150,150,1.0,5.226516246795654,27.6238431930542
9,mp-gan,0,4,1,150,0,0.0,5.2326905727386475,27.616051197052002
9,mp-gan,0,4,2,150,51,0.34,5.2326905727386475,27.616051197052002
9,mp-gan,0,4,3,150,71,0.47333333333333333,5.2326905727386475,27.616051197052002
9,mp-gan,0,4,4,150,150,1.0,5.2326905727386475,27.616051197052002
9,mp-gan,0,5,1,150,0,0.0,5.298568248748779,27.949681758880615
9,mp-gan,0,5,2,150,78,0.52,5.298568248748779,27.949681758880615
9,mp-gan,0,5,3,150,0,0.0,5.298568248748779,27.949681758880615
9,mp-gan,0,5,4,150,141,0.94,5.298568248748779,27.949681758880615
9,mp-gan,0,5,5,200,181,0.905,5.298568248748779,27.949681758880615
9,mp-wgan,0,1,1,150,150,1.0,3.549901008605957,47.998595237731934
9,mp-wgan,0,2,1,150,0,0.0,5.364701509475708,47.65264868736267
9,mp-wgan,0,2,2,150,150,1.0,5.364701509475708,47.65264868736267
9,mp-wgan,0,3,1,150,0,0.0,5.17396092414856,47.500845193862915
9,mp-wgan,0,3,2,150,0,0.0,5.17396092414856,47.500845193862915
9,mp-wgan,0,3,3,150,150,1.0,5.17396092414856,47.500845193862915
9,mp-wgan,0,4,1,150,0,0.0,5.31561803817749,47.32288455963135
9,mp-wgan,0,4,2,150,0,0.0,5.31561803817749,47.32288455963135
9,mp-wgan,0,4,3,150,75,0.5,5.31561803817749,47.32288455963135
9,mp-wgan,0,4,4,150,150,1.0,5.31561803817749,47.32288455963135
9,mp-wgan,0,5,1,150,0,0.0,5.235077857971191,47.73846411705017
9,mp-wgan,0,5,2,150,0,0.0,5.235077857971191,47.73846411705017
9,mp-wgan,0,5,3,150,0,0.0,5.235077857971191,47.73846411705017
9,mp-wgan,0,5,4,150,130,0.8666666666666667,5.235077857971191,47.73846411705017
9,mp-wgan,0,5,5,200,175,0.875,5.235077857971191,47.73846411705017
9,sg-cgan,0,1,1,150,150,1.0,3.496943950653076,61.384872913360596
9,sg-cgan,0,2,1,150,76,0.5066666666666667,5.200896501541138,121.71189951896667
9,sg-cgan,0,2,2,150,150,1.0,5.200896501541138,121.71189951896667
9,sg-cgan,0,3,1,150,0,0.0,5.205931663513184,121.68988156318665
9,sg-cgan,0,3,2,150,110,0.7333333333333333,5.205931663513184,121.68988156318665
9,sg-cgan,0,3,3,150,150,1.0,5.205931663513184,121.68988156318665
9,sg-cgan,0,4,1,150,0,0.0,5.510184049606323,121.7911810874939
9,sg-cgan,0,4,2,150,40,0.26666666666666666,5.510184049606323,121.7911810874939
9,sg-cgan,0,4,3,150,132,0.88,5.510184049606323,121.7911810874939
9,sg-cgan,0,4,4,150,150,1.0,5.510184049606323,121.7911810874939
9,sg-cgan,0,5,1,150,44,0.29333333333333333,5.3275837898254395,121.65539002418518
9,sg-cgan,0,5,2,150,0,0.0,5.3275837898254395,121.65539002418518
9,sg-cgan,0,5,3,150,19,0.12666666666666668,5.3275837898254395,121.65539002418518
9,sg-cgan,0,5,4,150,144,0.96,5.3275837898254395,121.65539002418518
9,sg-cgan,0,5,5,200,170,0.85,5.3275837898254395,121.65539002418518
9,sg-cwgan,0,1,1,150,150,1.0,3.487180233001709,97.22565817832947
9,sg-cwgan,0,2,1,150,0,0.0,5.200466871261597,191.29048466682434
9,sg-cwgan,0,2,2,150,150,1.0,5.200466871261597,191.29048466682434
9,sg-cwgan,0,3,1,150,0,0.0,5.173988580703735,191.2537453174591
9,sg-cwgan,0,3,2,150,0,0.0,5.173988580703735,191.2537453174591
9,sg-cwgan,0,3,3,150,150,1.0,5.173988580703735,191.2537453174591
9,sg-cwgan,0,4,1,150,0,0.0,5.160845518112183,190.85925817489624
9,sg-cwgan,0,4,2,150,0,0.0,5.160845518112183,190.85925817489624
9,sg-cwgan,0,4,3,150,30,0.2,5.160845518112183,190.85925817489624
9,sg-cwgan,0,4,4,150,150,1.0,5.160845518112183,190.85925817489624
9,sg-cwgan,0,5,1,150,0,0.0,5.174741983413696,190.80864071846008
9,sg-cwgan,0,5,2,150,0,0.0,5.174741983413696,190.80864071846008
9,sg-cwgan,0,5,3,150,0,0.0,5.174741983413696,190.80864071846008
9,sg-cwgan,0,5,4,150,0,0.0,5.174741983413696,190.80864071846008
9,sg-cwgan,0,5,5,200,180,0.9,5.174741983413696,190.80864071846008
9,lwf,0,1,1,150,150,1.0,2.283992290496826,2.1457672119140625e-06
9,lwf,0,2,1,150,16,0.10666666666666667,2.8641436100006104,1.6689300537109375e-06
9,lwf,0,2,2,150,150,1.0,2.8641436100006104,1.6689300537109375e-06
9,lwf,0,3,1,150,0,0.0,2.864454746246338,1.9073486328125e-06
9,lwf,0,3,2,150,70,0.4666666666666667,2.864454746246338,1.9073486328125e-06
9,lwf,0,3,3,150,141,0.94,2.864454746246338,1.9073486328125e-06
9,lwf,0,4,1,150,0,0.0,2.8667008876800537,2.1457672119140625e-06
9,lwf,0,4,2,150,0,0.0,2.8667008876800537,2.1457672119140625e-06
9,lwf,0,4,3,150,25,0.16666666666666666,2.8667008876800537,2.1457672119140625e-06
9,lwf,0,4,4,150,121,0.8066666666666666,2.8667008876800537,2.1457672119140625e-06
9,lwf,0,5,1,150,0,0.0,2.929178237915039,2.384185791015625e-06
9,lwf,0,5,2,150,0,0.0,2.929178237915039,2.384185791015625e-06
9,lwf,0,5,3,150,25,0.16666666666666666,2.929178237915039,2.384185791015625e-06
9,lwf,0,5,4,150,115,0.7666666666666667,2.929178237915039,2.384185791015625e-06
9,lwf,0,5,5,200,49,0.245,2.929178237915039,2.384185791015625e-06
9,ewc,0,1,1,150,150,1.0,3.491802930831909,1.9073486328125e-06
9,ewc,0,2,1,150,0,0.0,3.721789836883545,3.814697265625e-06
9,ewc,0,2,2,150,150,1.0,3.721789836883545,3.814697265625e-06
9,ewc,0,3,1,150,0,0.0,3.6999974250793457,2.1457672119140625e-06
9,ewc,0,3,2,150,0,0.0,3.6999974250793457,2.1457672119140625e-06
9,ewc,0,3,3,150,150,1.0,3.6999974250793457,2.1457672119140625e-06
9,ewc,0,4,1,150,0,0.0,3.725498676300049,2.384185791015625e-06
9,ewc,0,4,2,150,0,0.0,3.725498676300049,2.384185791015625e-06
9,ewc,0,4,3,150,0,0.0,3.725498676300049,2.384185791015625e-06
9,ewc,0,4,4,150,149,0.9933333333333333,3.725498676300049,2.384185791015625e-06
9,ewc,0,5,1,150,0,0.0,3.7292697429656982,2.6226043701171875e-06
9,ewc,0,5,2,150,0,0.0,3.7292697429656982,2.6226043701171875e-06
9,ewc,0,5,3,150,0,0.0,3.7292697429656982,2.6226043701171875e-06
9,ewc,0,5,4,150,0,0.0,3.7292697429656982,2.6226043701171875e-06
9,ewc,0,5,5,200,178,0.89,3.7292697429656982,2.6226043701171875e-06
