task_order, method, cmd, train_session, task_index, no_of_test, no_of_correct_prediction, accuracy, solver_training_time, generator_training_time
0,offline,0,None,1,300,186,0.62,None,None
0,offline,0,None,2,1100,1087,0.9881818181818182,None,None
0,offline,0,None,3,100,71,0.71,None,None
0,offline,0,None,4,1150,1121,0.9747826086956521,None,None
0,offline,0,None,5,300,292,0.9733333333333334,None,None
0,sg-cgan,0,1,1,300,142,0.47333333333333333,10.451049327850342,315.5293469429016
0,sg-cgan,0,2,1,300,140,0.4666666666666667,13.454017639160156,603.4288713932037
0,sg-cgan,0,2,2,1100,0,0.0,13.454017639160156,603.4288713932037
0,sg-cgan,0,3,1,300,126,0.42,11.86811113357544,586.4441812038422
0,sg-cgan,0,3,2,1100,0,0.0,11.86811113357544,586.4441812038422
0,sg-cgan,0,3,3,100,0,0.0,11.86811113357544,586.4441812038422
0,sg-cgan,0,4,1,300,122,0.4066666666666667,11.797765493392944,589.041797876358
0,sg-cgan,0,4,2,1100,0,0.0,11.797765493392944,589.041797876358
0,sg-cgan,0,4,3,100,0,0.0,11.797765493392944,589.041797876358
0,sg-cgan,0,4,4,1150,0,0.0,11.797765493392944,589.041797876358
0,sg-cgan,0,5,1,300,128,0.4266666666666667,12.766172647476196,598.3126945495605
0,sg-cgan,0,5,2,1100,0,0.0,12.766172647476196,598.3126945495605
0,sg-cgan,0,5,3,100,0,0.0,12.766172647476196,598.3126945495605
0,sg-cgan,0,5,4,1150,0,0.0,12.766172647476196,598.3126945495605
0,sg-cgan,0,5,5,300,0,0.0,12.766172647476196,598.3126945495605
0,offline,1,5,1,300,186,0.62,12.766172647476196,598.3126945495605
0,offline,1,5,2,1100,1087,0.9881818181818182,12.766172647476196,598.3126945495605
0,offline,1,5,3,100,71,0.71,12.766172647476196,598.3126945495605
0,offline,1,5,4,1150,1121,0.9747826086956521,12.766172647476196,598.3126945495605
0,offline,1,5,5,300,292,0.9733333333333334,12.766172647476196,598.3126945495605
0,sg-cgan,1,1,1,300,142,0.47333333333333333,9.765547037124634,317.89188957214355
0,sg-cgan,1,2,1,300,134,0.44666666666666666,12.554125547409058,648.7233045101166
0,sg-cgan,1,2,2,1100,1093,0.9936363636363637,12.554125547409058,648.7233045101166
0,sg-cgan,1,3,1,300,121,0.4033333333333333,11.845445394515991,591.0207071304321
0,sg-cgan,1,3,2,1100,1088,0.9890909090909091,11.845445394515991,591.0207071304321
0,sg-cgan,1,3,3,100,100,1.0,11.845445394515991,591.0207071304321
0,sg-cgan,1,4,1,300,112,0.37333333333333335,11.768312215805054,586.7606348991394
0,sg-cgan,1,4,2,1100,945,0.8590909090909091,11.768312215805054,586.7606348991394
0,sg-cgan,1,4,3,100,65,0.65,11.768312215805054,586.7606348991394
0,sg-cgan,1,4,4,1150,1092,0.9495652173913044,11.768312215805054,586.7606348991394
0,sg-cgan,1,5,1,300,102,0.34,11.81734561920166,583.4371285438538
0,sg-cgan,1,5,2,1100,917,0.8336363636363636,11.81734561920166,583.4371285438538
0,sg-cgan,1,5,3,100,64,0.64,11.81734561920166,583.4371285438538
0,sg-cgan,1,5,4,1150,1081,0.94,11.81734561920166,583.4371285438538
0,sg-cgan,1,5,5,300,279,0.93,11.81734561920166,583.4371285438538
0,offline,2,5,1,300,186,0.62,11.81734561920166,583.4371285438538
0,offline,2,5,2,1100,1087,0.9881818181818182,11.81734561920166,583.4371285438538
0,offline,2,5,3,100,71,0.71,11.81734561920166,583.4371285438538
0,offline,2,5,4,1150,1121,0.9747826086956521,11.81734561920166,583.4371285438538
0,offline,2,5,5,300,292,0.9733333333333334,11.81734561920166,583.4371285438538
0,sg-cgan,2,1,1,300,142,0.47333333333333333,9.772221326828003,300.40873432159424
0,sg-cgan,2,2,1,300,137,0.45666666666666667,12.91979694366455,629.588794708252
0,sg-cgan,2,2,2,1100,1093,0.9936363636363637,12.91979694366455,629.588794708252
0,sg-cgan,2,3,1,300,129,0.43,12.681415557861328,630.1711435317993
0,sg-cgan,2,3,2,1100,1087,0.9881818181818182,12.681415557861328,630.1711435317993
0,sg-cgan,2,3,3,100,100,1.0,12.681415557861328,630.1711435317993
0,sg-cgan,2,4,1,300,111,0.37,12.885132789611816,630.2463564872742
0,sg-cgan,2,4,2,1100,948,0.8618181818181818,12.885132789611816,630.2463564872742
0,sg-cgan,2,4,3,100,67,0.67,12.885132789611816,630.2463564872742
0,sg-cgan,2,4,4,1150,1076,0.9356521739130435,12.885132789611816,630.2463564872742
0,sg-cgan,2,5,1,300,131,0.43666666666666665,11.918435096740723,580.9038209915161
0,sg-cgan,2,5,2,1100,944,0.8581818181818182,11.918435096740723,580.9038209915161
0,sg-cgan,2,5,3,100,71,0.71,11.918435096740723,580.9038209915161
0,sg-cgan,2,5,4,1150,1074,0.9339130434782609,11.918435096740723,580.9038209915161
0,sg-cgan,2,5,5,300,293,0.9766666666666667,11.918435096740723,580.9038209915161
0,offline,3,5,1,300,186,0.62,11.918435096740723,580.9038209915161
0,offline,3,5,2,1100,1087,0.9881818181818182,11.918435096740723,580.9038209915161
0,offline,3,5,3,100,71,0.71,11.918435096740723,580.9038209915161
0,offline,3,5,4,1150,1121,0.9747826086956521,11.918435096740723,580.9038209915161
0,offline,3,5,5,300,292,0.9733333333333334,11.918435096740723,580.9038209915161
0,sg-cgan,3,1,1,300,142,0.47333333333333333,9.764737606048584,319.64221358299255
0,sg-cgan,3,2,1,300,138,0.46,12.031300067901611,627.9819402694702
0,sg-cgan,3,2,2,1100,1093,0.9936363636363637,12.031300067901611,627.9819402694702
0,sg-cgan,3,3,1,300,120,0.4,12.705868005752563,635.624879360199
0,sg-cgan,3,3,2,1100,1087,0.9881818181818182,12.705868005752563,635.624879360199
0,sg-cgan,3,3,3,100,100,1.0,12.705868005752563,635.624879360199
0,sg-cgan,3,4,1,300,92,0.30666666666666664,12.665993213653564,590.9892063140869
0,sg-cgan,3,4,2,1100,949,0.8627272727272727,12.665993213653564,590.9892063140869
0,sg-cgan,3,4,3,100,68,0.68,12.665993213653564,590.9892063140869
0,sg-cgan,3,4,4,1150,1070,0.9304347826086956,12.665993213653564,590.9892063140869
0,sg-cgan,3,5,1,300,78,0.26,11.866559982299805,587.7487699985504
0,sg-cgan,3,5,2,1100,714,0.649090909090909,11.866559982299805,587.7487699985504
0,sg-cgan,3,5,3,100,65,0.65,11.866559982299805,587.7487699985504
0,sg-cgan,3,5,4,1150,931,0.8095652173913044,11.866559982299805,587.7487699985504
0,sg-cgan,3,5,5,300,294,0.98,11.866559982299805,587.7487699985504
0,offline,4,5,1,300,186,0.62,11.866559982299805,587.7487699985504
0,offline,4,5,2,1100,1087,0.9881818181818182,11.866559982299805,587.7487699985504
0,offline,4,5,3,100,71,0.71,11.866559982299805,587.7487699985504
0,offline,4,5,4,1150,1121,0.9747826086956521,11.866559982299805,587.7487699985504
0,offline,4,5,5,300,292,0.9733333333333334,11.866559982299805,587.7487699985504
0,sg-cgan,4,1,1,300,142,0.47333333333333333,9.796970844268799,320.46857619285583
0,sg-cgan,4,2,1,300,10,0.03333333333333333,12.084301471710205,627.8009567260742
0,sg-cgan,4,2,2,1100,1093,0.9936363636363637,12.084301471710205,627.8009567260742
0,sg-cgan,4,3,1,300,0,0.0,12.158530235290527,623.3212945461273
0,sg-cgan,4,3,2,1100,550,0.5,12.158530235290527,623.3212945461273
0,sg-cgan,4,3,3,100,100,1.0,12.158530235290527,623.3212945461273
0,sg-cgan,4,4,1,300,0,0.0,11.982905387878418,587.8614480495453
0,sg-cgan,4,4,2,1100,186,0.1690909090909091,11.982905387878418,587.8614480495453
0,sg-cgan,4,4,3,100,15,0.15,11.982905387878418,587.8614480495453
0,sg-cgan,4,4,4,1150,1149,0.9991304347826087,11.982905387878418,587.8614480495453
0,sg-cgan,4,5,1,300,0,0.0,12.712518692016602,578.3208248615265
0,sg-cgan,4,5,2,1100,0,0.0,12.712518692016602,578.3208248615265
0,sg-cgan,4,5,3,100,0,0.0,12.712518692016602,578.3208248615265
0,sg-cgan,4,5,4,1150,282,0.24521739130434783,12.712518692016602,578.3208248615265
0,sg-cgan,4,5,5,300,296,0.9866666666666667,12.712518692016602,578.3208248615265
1,offline,0,None,1,550,542,0.9854545454545455,None,None
1,offline,0,None,2,300,133,0.44333333333333336,None,None
1,offline,0,None,3,350,302,0.8628571428571429,None,None
1,offline,0,None,4,1200,1196,0.9966666666666667,None,None
1,offline,0,None,5,600,593,0.9883333333333333,None,None
1,sg-cgan,0,1,1,550,550,1.0,8.250513315200806,299.87443923950195
1,sg-cgan,0,2,1,550,550,1.0,12.403190851211548,593.2083349227905
1,sg-cgan,0,2,2,300,0,0.0,12.403190851211548,593.2083349227905
1,sg-cgan,0,3,1,550,550,1.0,12.127711057662964,590.5989015102386
1,sg-cgan,0,3,2,300,0,0.0,12.127711057662964,590.5989015102386
1,sg-cgan,0,3,3,350,0,0.0,12.127711057662964,590.5989015102386
1,sg-cgan,0,4,1,550,550,1.0,11.964067697525024,589.083034992218
1,sg-cgan,0,4,2,300,0,0.0,11.964067697525024,589.083034992218
1,sg-cgan,0,4,3,350,0,0.0,11.964067697525024,589.083034992218
1,sg-cgan,0,4,4,1200,0,0.0,11.964067697525024,589.083034992218
1,sg-cgan,0,5,1,550,550,1.0,12.220507621765137,604.6677901744843
1,sg-cgan,0,5,2,300,0,0.0,12.220507621765137,604.6677901744843
1,sg-cgan,0,5,3,350,0,0.0,12.220507621765137,604.6677901744843
1,sg-cgan,0,5,4,1200,0,0.0,12.220507621765137,604.6677901744843
1,sg-cgan,0,5,5,600,0,0.0,12.220507621765137,604.6677901744843
1,offline,1,5,1,550,542,0.9854545454545455,12.220507621765137,604.6677901744843
1,offline,1,5,2,300,133,0.44333333333333336,12.220507621765137,604.6677901744843
1,offline,1,5,3,350,302,0.8628571428571429,12.220507621765137,604.6677901744843
1,offline,1,5,4,1200,1196,0.9966666666666667,12.220507621765137,604.6677901744843
1,offline,1,5,5,600,593,0.9883333333333333,12.220507621765137,604.6677901744843
1,sg-cgan,1,1,1,550,550,1.0,8.334180355072021,319.475679397583
1,sg-cgan,1,2,1,550,550,1.0,12.006061792373657,587.8835601806641
1,sg-cgan,1,2,2,300,57,0.19,12.006061792373657,587.8835601806641
1,sg-cgan,1,3,1,550,543,0.9872727272727273,11.891259670257568,600.0455951690674
1,sg-cgan,1,3,2,300,34,0.11333333333333333,11.891259670257568,600.0455951690674
1,sg-cgan,1,3,3,350,290,0.8285714285714286,11.891259670257568,600.0455951690674
1,sg-cgan,1,4,1,550,543,0.9872727272727273,12.74469780921936,583.9587395191193
1,sg-cgan,1,4,2,300,24,0.08,12.74469780921936,583.9587395191193
1,sg-cgan,1,4,3,350,161,0.46,12.74469780921936,583.9587395191193
1,sg-cgan,1,4,4,1200,1173,0.9775,12.74469780921936,583.9587395191193
1,sg-cgan,1,5,1,550,543,0.9872727272727273,11.917597770690918,581.2093403339386
1,sg-cgan,1,5,2,300,26,0.08666666666666667,11.917597770690918,581.2093403339386
1,sg-cgan,1,5,3,350,130,0.37142857142857144,11.917597770690918,581.2093403339386
1,sg-cgan,1,5,4,1200,1136,0.9466666666666667,11.917597770690918,581.2093403339386
1,sg-cgan,1,5,5,600,566,0.9433333333333334,11.917597770690918,581.2093403339386
1,offline,2,5,1,550,542,0.9854545454545455,11.917597770690918,581.2093403339386
1,offline,2,5,2,300,133,0.44333333333333336,11.917597770690918,581.2093403339386
1,offline,2,5,3,350,302,0.8628571428571429,11.917597770690918,581.2093403339386
1,offline,2,5,4,1200,1196,0.9966666666666667,11.917597770690918,581.2093403339386
1,offline,2,5,5,600,593,0.9883333333333333,11.917597770690918,581.2093403339386
1,sg-cgan,2,1,1,550,550,1.0,8.074815034866333,298.7050611972809
1,sg-cgan,2,2,1,550,549,0.9981818181818182,11.931135892868042,587.039891242981
1,sg-cgan,2,2,2,300,54,0.18,11.931135892868042,587.039891242981
1,sg-cgan,2,3,1,550,543,0.9872727272727273,11.91657543182373,593.5815479755402
1,sg-cgan,2,3,2,300,6,0.02,11.91657543182373,593.5815479755402
1,sg-cgan,2,3,3,350,287,0.82,11.91657543182373,593.5815479755402
1,sg-cgan,2,4,1,550,545,0.990909090909091,11.754072427749634,584.8695914745331
1,sg-cgan,2,4,2,300,5,0.016666666666666666,11.754072427749634,584.8695914745331
1,sg-cgan,2,4,3,350,195,0.5571428571428572,11.754072427749634,584.8695914745331
1,sg-cgan,2,4,4,1200,1189,0.9908333333333333,11.754072427749634,584.8695914745331
1,sg-cgan,2,5,1,550,542,0.9854545454545455,11.822827577590942,581.925573348999
1,sg-cgan,2,5,2,300,40,0.13333333333333333,11.822827577590942,581.925573348999
1,sg-cgan,2,5,3,350,159,0.4542857142857143,11.822827577590942,581.925573348999
1,sg-cgan,2,5,4,1200,1140,0.95,11.822827577590942,581.925573348999
1,sg-cgan,2,5,5,600,566,0.9433333333333334,11.822827577590942,581.925573348999
1,offline,3,5,1,550,542,0.9854545454545455,11.822827577590942,581.925573348999
1,offline,3,5,2,300,133,0.44333333333333336,11.822827577590942,581.925573348999
1,offline,3,5,3,350,302,0.8628571428571429,11.822827577590942,581.925573348999
1,offline,3,5,4,1200,1196,0.9966666666666667,11.822827577590942,581.925573348999
1,offline,3,5,5,600,593,0.9883333333333333,11.822827577590942,581.925573348999
1,sg-cgan,3,1,1,550,550,1.0,8.205843687057495,300.3796021938324
1,sg-cgan,3,2,1,550,550,1.0,11.916964530944824,588.9259774684906
1,sg-cgan,3,2,2,300,57,0.19,11.916964530944824,588.9259774684906
1,sg-cgan,3,3,1,550,541,0.9836363636363636,12.645732164382935,593.8988642692566
1,sg-cgan,3,3,2,300,13,0.043333333333333335,12.645732164382935,593.8988642692566
1,sg-cgan,3,3,3,350,289,0.8257142857142857,12.645732164382935,593.8988642692566
1,sg-cgan,3,4,1,550,543,0.9872727272727273,12.697247505187988,591.5719037055969
1,sg-cgan,3,4,2,300,0,0.0,12.697247505187988,591.5719037055969
1,sg-cgan,3,4,3,350,245,0.7,12.697247505187988,591.5719037055969
1,sg-cgan,3,4,4,1200,1197,0.9975,12.697247505187988,591.5719037055969
1,sg-cgan,3,5,1,550,541,0.9836363636363636,11.954295873641968,576.3449625968933
1,sg-cgan,3,5,2,300,1,0.0033333333333333335,11.954295873641968,576.3449625968933
1,sg-cgan,3,5,3,350,137,0.3914285714285714,11.954295873641968,576.3449625968933
1,sg-cgan,3,5,4,1200,1142,0.9516666666666667,11.954295873641968,576.3449625968933
1,sg-cgan,3,5,5,600,568,0.9466666666666667,11.954295873641968,576.3449625968933
1,offline,4,5,1,550,542,0.9854545454545455,11.954295873641968,576.3449625968933
1,offline,4,5,2,300,133,0.44333333333333336,11.954295873641968,576.3449625968933
1,offline,4,5,3,350,302,0.8628571428571429,11.954295873641968,576.3449625968933
1,offline,4,5,4,1200,1196,0.9966666666666667,11.954295873641968,576.3449625968933
1,offline,4,5,5,600,593,0.9883333333333333,11.954295873641968,576.3449625968933
1,sg-cgan,4,1,1,550,550,1.0,7.864161968231201,258.8708379268646
1,sg-cgan,4,2,1,550,365,0.6636363636363637,10.774626016616821,509.1056578159332
1,sg-cgan,4,2,2,300,58,0.19333333333333333,10.774626016616821,509.1056578159332
1,sg-cgan,4,3,1,550,17,0.03090909090909091,11.547742128372192,501.07162714004517
1,sg-cgan,4,3,2,300,4,0.013333333333333334,11.547742128372192,501.07162714004517
1,sg-cgan,4,3,3,350,288,0.8228571428571428,11.547742128372192,501.07162714004517
1,sg-cgan,4,4,1,550,0,0.0,11.94454288482666,513.158362865448
1,sg-cgan,4,4,2,300,0,0.0,11.94454288482666,513.158362865448
1,sg-cgan,4,4,3,350,98,0.28,11.94454288482666,513.158362865448
1,sg-cgan,4,4,4,1200,1199,0.9991666666666666,11.94454288482666,513.158362865448
1,sg-cgan,4,5,1,550,0,0.0,11.128958225250244,494.2253108024597
1,sg-cgan,4,5,2,300,0,0.0,11.128958225250244,494.2253108024597
1,sg-cgan,4,5,3,350,87,0.24857142857142858,11.128958225250244,494.2253108024597
1,sg-cgan,4,5,4,1200,1089,0.9075,11.128958225250244,494.2253108024597
1,sg-cgan,4,5,5,600,595,0.9916666666666667,11.128958225250244,494.2253108024597