task_order, method, cmd, train_session, task_index, no_of_test, no_of_correct_prediction, accuracy, solver_training_time, generator_training_time
0,offline,0,None,1,250,238,0.952,None,None
0,offline,0,None,2,100,93,0.93,None,None
0,offline,0,None,3,200,185,0.925,None,None
0,offline,0,None,4,250,175,0.7,None,None
0,offline,0,None,5,300,263,0.8766666666666667,None,None
0,none,0,1,1,250,248,0.992,2.5736544132232666,3.5762786865234375e-06
0,none,0,2,1,250,86,0.344,3.235487222671509,2.1457672119140625e-06
0,none,0,2,2,100,94,0.94,3.235487222671509,2.1457672119140625e-06
0,none,0,3,1,250,0,0.0,3.2231998443603516,2.6226043701171875e-06
0,none,0,3,2,100,13,0.13,3.2231998443603516,2.6226043701171875e-06
0,none,0,3,3,200,194,0.97,3.2231998443603516,2.6226043701171875e-06
0,none,0,4,1,250,0,0.0,3.220075845718384,2.384185791015625e-06
0,none,0,4,2,100,1,0.01,3.220075845718384,2.384185791015625e-06
0,none,0,4,3,200,25,0.125,3.220075845718384,2.384185791015625e-06
0,none,0,4,4,250,241,0.964,3.220075845718384,2.384185791015625e-06
0,none,0,5,1,250,0,0.0,3.267463207244873,2.86102294921875e-06
0,none,0,5,2,100,0,0.0,3.267463207244873,2.86102294921875e-06
0,none,0,5,3,200,11,0.055,3.267463207244873,2.86102294921875e-06
0,none,0,5,4,250,42,0.168,3.267463207244873,2.86102294921875e-06
0,none,0,5,5,300,259,0.8633333333333333,3.267463207244873,2.86102294921875e-06
0,exact,0,1,1,250,248,0.992,2.531301736831665,2.1457672119140625e-06
0,exact,0,2,1,250,249,0.996,5.123819828033447,2.6226043701171875e-06
0,exact,0,2,2,100,88,0.88,5.123819828033447,2.6226043701171875e-06
0,exact,0,3,1,250,245,0.98,5.321322202682495,3.337860107421875e-06
0,exact,0,3,2,100,91,0.91,5.321322202682495,3.337860107421875e-06
0,exact,0,3,3,200,174,0.87,5.321322202682495,3.337860107421875e-06
0,exact,0,4,1,250,242,0.968,5.176712989807129,1.9073486328125e-06
0,exact,0,4,2,100,88,0.88,5.176712989807129,1.9073486328125e-06
0,exact,0,4,3,200,174,0.87,5.176712989807129,1.9073486328125e-06
0,exact,0,4,4,250,220,0.88,5.176712989807129,1.9073486328125e-06
0,exact,0,5,1,250,242,0.968,29.17863392829895,2.86102294921875e-06
0,exact,0,5,2,100,84,0.84,29.17863392829895,2.86102294921875e-06
0,exact,0,5,3,200,169,0.845,29.17863392829895,2.86102294921875e-06
0,exact,0,5,4,250,210,0.84,29.17863392829895,2.86102294921875e-06
0,exact,0,5,5,300,254,0.8466666666666667,29.17863392829895,2.86102294921875e-06
0,mp-gan,0,1,1,250,249,0.996,2.5730679035186768,30.699217796325684
0,mp-gan,0,2,1,250,234,0.936,4.859825611114502,29.575339794158936
0,mp-gan,0,2,2,100,93,0.93,4.859825611114502,29.575339794158936
0,mp-gan,0,3,1,250,149,0.596,4.886790037155151,29.959893226623535
0,mp-gan,0,3,2,100,57,0.57,4.886790037155151,29.959893226623535
0,mp-gan,0,3,3,200,198,0.99,4.886790037155151,29.959893226623535
0,mp-gan,0,4,1,250,106,0.424,4.926488876342773,29.5979745388031
0,mp-gan,0,4,2,100,48,0.48,4.926488876342773,29.5979745388031
0,mp-gan,0,4,3,200,173,0.865,4.926488876342773,29.5979745388031
0,mp-gan,0,4,4,250,225,0.9,4.926488876342773,29.5979745388031
0,mp-gan,0,5,1,250,121,0.484,4.999542951583862,29.93888282775879
0,mp-gan,0,5,2,100,59,0.59,4.999542951583862,29.93888282775879
0,mp-gan,0,5,3,200,84,0.42,4.999542951583862,29.93888282775879
0,mp-gan,0,5,4,250,70,0.28,4.999542951583862,29.93888282775879
0,mp-gan,0,5,5,300,275,0.9166666666666666,4.999542951583862,29.93888282775879
0,mp-wgan,0,1,1,250,248,0.992,2.4188668727874756,50.535573959350586
0,mp-wgan,0,2,1,250,207,0.828,4.805798053741455,50.89604640007019
0,mp-wgan,0,2,2,100,97,0.97,4.805798053741455,50.89604640007019
0,mp-wgan,0,3,1,250,2,0.008,4.949552536010742,52.01757788658142
0,mp-wgan,0,3,2,100,39,0.39,4.949552536010742,52.01757788658142
0,mp-wgan,0,3,3,200,199,0.995,4.949552536010742,52.01757788658142
0,mp-wgan,0,4,1,250,6,0.024,4.9841389656066895,51.371178150177
0,mp-wgan,0,4,2,100,41,0.41,4.9841389656066895,51.371178150177
0,mp-wgan,0,4,3,200,155,0.775,4.9841389656066895,51.371178150177
0,mp-wgan,0,4,4,250,226,0.904,4.9841389656066895,51.371178150177
0,mp-wgan,0,5,1,250,24,0.096,5.110758066177368,51.3005747795105
0,mp-wgan,0,5,2,100,43,0.43,5.110758066177368,51.3005747795105
0,mp-wgan,0,5,3,200,47,0.235,5.110758066177368,51.3005747795105
0,mp-wgan,0,5,4,250,13,0.052,5.110758066177368,51.3005747795105
0,mp-wgan,0,5,5,300,260,0.8666666666666667,5.110758066177368,51.3005747795105
0,sg-cgan,0,1,1,250,247,0.988,2.5217397212982178,64.03109002113342
0,sg-cgan,0,2,1,250,215,0.86,4.988640785217285,125.49580144882202
0,sg-cgan,0,2,2,100,47,0.47,4.988640785217285,125.49580144882202
0,sg-cgan,0,3,1,250,132,0.528,5.011747598648071,125.19939470291138
0,sg-cgan,0,3,2,100,11,0.11,5.011747598648071,125.19939470291138
0,sg-cgan,0,3,3,200,197,0.985,5.011747598648071,125.19939470291138
0,sg-cgan,0,4,1,250,8,0.032,5.053642749786377,126.94284081459045
0,sg-cgan,0,4,2,100,0,0.0,5.053642749786377,126.94284081459045
0,sg-cgan,0,4,3,200,133,0.665,5.053642749786377,126.94284081459045
0,sg-cgan,0,4,4,250,232,0.928,5.053642749786377,126.94284081459045
0,sg-cgan,0,5,1,250,23,0.092,5.169426679611206,125.56236934661865
0,sg-cgan,0,5,2,100,1,0.01,5.169426679611206,125.56236934661865
0,sg-cgan,0,5,3,200,62,0.31,5.169426679611206,125.56236934661865
0,sg-cgan,0,5,4,250,96,0.384,5.169426679611206,125.56236934661865
0,sg-cgan,0,5,5,300,276,0.92,5.169426679611206,125.56236934661865
0,sg-cwgan,0,1,1,250,247,0.988,2.530841588973999,101.65108013153076
0,sg-cwgan,0,2,1,250,235,0.94,4.967417240142822,201.74557662010193
0,sg-cwgan,0,2,2,100,86,0.86,4.967417240142822,201.74557662010193
0,sg-cwgan,0,3,1,250,22,0.088,4.937938690185547,202.63868474960327
0,sg-cwgan,0,3,2,100,26,0.26,4.937938690185547,202.63868474960327
0,sg-cwgan,0,3,3,200,198,0.99,4.937938690185547,202.63868474960327
0,sg-cwgan,0,4,1,250,0,0.0,5.016048431396484,201.22887468338013
0,sg-cwgan,0,4,2,100,1,0.01,5.016048431396484,201.22887468338013
0,sg-cwgan,0,4,3,200,33,0.165,5.016048431396484,201.22887468338013
0,sg-cwgan,0,4,4,250,236,0.944,5.016048431396484,201.22887468338013
0,sg-cwgan,0,5,1,250,0,0.0,5.097539901733398,202.68753337860107
0,sg-cwgan,0,5,2,100,0,0.0,5.097539901733398,202.68753337860107
0,sg-cwgan,0,5,3,200,5,0.025,5.097539901733398,202.68753337860107
0,sg-cwgan,0,5,4,250,65,0.26,5.097539901733398,202.68753337860107
0,sg-cwgan,0,5,5,300,271,0.9033333333333333,5.097539901733398,202.68753337860107
0,lwf,0,1,1,250,248,0.992,2.480701208114624,2.86102294921875e-06
0,lwf,0,2,1,250,86,0.344,3.137047052383423,2.6226043701171875e-06
0,lwf,0,2,2,100,94,0.94,3.137047052383423,2.6226043701171875e-06
0,lwf,0,3,1,250,0,0.0,3.219094753265381,2.6226043701171875e-06
0,lwf,0,3,2,100,13,0.13,3.219094753265381,2.6226043701171875e-06
0,lwf,0,3,3,200,194,0.97,3.219094753265381,2.6226043701171875e-06
0,lwf,0,4,1,250,0,0.0,3.12947678565979,2.86102294921875e-06
0,lwf,0,4,2,100,1,0.01,3.12947678565979,2.86102294921875e-06
0,lwf,0,4,3,200,25,0.125,3.12947678565979,2.86102294921875e-06
0,lwf,0,4,4,250,241,0.964,3.12947678565979,2.86102294921875e-06
0,lwf,0,5,1,250,0,0.0,3.136003017425537,2.384185791015625e-06
0,lwf,0,5,2,100,0,0.0,3.136003017425537,2.384185791015625e-06
0,lwf,0,5,3,200,11,0.055,3.136003017425537,2.384185791015625e-06
0,lwf,0,5,4,250,42,0.168,3.136003017425537,2.384185791015625e-06
0,lwf,0,5,5,300,259,0.8633333333333333,3.136003017425537,2.384185791015625e-06
0,ewc,0,1,1,250,250,1.0,4.777538299560547,2.86102294921875e-06
0,ewc,0,2,1,250,0,0.0,5.06778359413147,2.384185791015625e-06
0,ewc,0,2,2,100,98,0.98,5.06778359413147,2.384185791015625e-06
0,ewc,0,3,1,250,0,0.0,5.1368818283081055,2.384185791015625e-06
0,ewc,0,3,2,100,0,0.0,5.1368818283081055,2.384185791015625e-06
0,ewc,0,3,3,200,199,0.995,5.1368818283081055,2.384185791015625e-06
0,ewc,0,4,1,250,0,0.0,5.127288818359375,3.337860107421875e-06
0,ewc,0,4,2,100,0,0.0,5.127288818359375,3.337860107421875e-06
0,ewc,0,4,3,200,0,0.0,5.127288818359375,3.337860107421875e-06
0,ewc,0,4,4,250,243,0.972,5.127288818359375,3.337860107421875e-06
0,ewc,0,5,1,250,0,0.0,5.14031195640564,2.384185791015625e-06
0,ewc,0,5,2,100,0,0.0,5.14031195640564,2.384185791015625e-06
0,ewc,0,5,3,200,0,0.0,5.14031195640564,2.384185791015625e-06
0,ewc,0,5,4,250,0,0.0,5.14031195640564,2.384185791015625e-06
0,ewc,0,5,5,300,279,0.93,5.14031195640564,2.384185791015625e-06
1,offline,0,None,1,350,299,0.8542857142857143,None,None
1,offline,0,None,2,200,106,0.53,None,None
1,offline,0,None,3,150,138,0.92,None,None
1,offline,0,None,4,200,173,0.865,None,None
1,offline,0,None,5,300,273,0.91,None,None
1,none,0,1,1,350,349,0.9971428571428571,4.830714702606201,3.337860107421875e-06
1,none,0,2,1,350,0,0.0,5.052917242050171,2.86102294921875e-06
1,none,0,2,2,200,200,1.0,5.052917242050171,2.86102294921875e-06
1,none,0,3,1,350,0,0.0,5.057531833648682,2.6226043701171875e-06
1,none,0,3,2,200,0,0.0,5.057531833648682,2.6226043701171875e-06
1,none,0,3,3,150,144,0.96,5.057531833648682,2.6226043701171875e-06
1,none,0,4,1,350,0,0.0,5.01517128944397,3.0994415283203125e-06
1,none,0,4,2,200,0,0.0,5.01517128944397,3.0994415283203125e-06
1,none,0,4,3,150,0,0.0,5.01517128944397,3.0994415283203125e-06
1,none,0,4,4,200,196,0.98,5.01517128944397,3.0994415283203125e-06
1,none,0,5,1,350,0,0.0,5.01320219039917,3.5762786865234375e-06
1,none,0,5,2,200,0,0.0,5.01320219039917,3.5762786865234375e-06
1,none,0,5,3,150,0,0.0,5.01320219039917,3.5762786865234375e-06
1,none,0,5,4,200,0,0.0,5.01320219039917,3.5762786865234375e-06
1,none,0,5,5,300,283,0.9433333333333334,5.01320219039917,3.5762786865234375e-06
1,exact,0,1,1,350,349,0.9971428571428571,4.788362741470337,2.6226043701171875e-06
1,exact,0,2,1,350,340,0.9714285714285714,6.692344665527344,2.6226043701171875e-06
1,exact,0,2,2,200,188,0.94,6.692344665527344,2.6226043701171875e-06
1,exact,0,3,1,350,341,0.9742857142857143,6.681682109832764,2.1457672119140625e-06
1,exact,0,3,2,200,160,0.8,6.681682109832764,2.1457672119140625e-06
1,exact,0,3,3,150,144,0.96,6.681682109832764,2.1457672119140625e-06
1,exact,0,4,1,350,336,0.96,6.705926895141602,2.86102294921875e-06
1,exact,0,4,2,200,180,0.9,6.705926895141602,2.86102294921875e-06
1,exact,0,4,3,150,147,0.98,6.705926895141602,2.86102294921875e-06
1,exact,0,4,4,200,184,0.92,6.705926895141602,2.86102294921875e-06
1,exact,0,5,1,350,337,0.9628571428571429,6.71915078163147,2.384185791015625e-06
1,exact,0,5,2,200,167,0.835,6.71915078163147,2.384185791015625e-06
1,exact,0,5,3,150,143,0.9533333333333334,6.71915078163147,2.384185791015625e-06
1,exact,0,5,4,200,191,0.955,6.71915078163147,2.384185791015625e-06
1,exact,0,5,5,300,291,0.97,6.71915078163147,2.384185791015625e-06
1,mp-gan,0,1,1,350,349,0.9971428571428571,4.810631275177002,29.956880807876587
1,mp-gan,0,2,1,350,105,0.3,6.676737308502197,30.217940092086792
1,mp-gan,0,2,2,200,200,1.0,6.676737308502197,30.217940092086792
1,mp-gan,0,3,1,350,85,0.24285714285714285,7.01317572593689,29.979686975479126
1,mp-gan,0,3,2,200,12,0.06,7.01317572593689,29.979686975479126
1,mp-gan,0,3,3,150,149,0.9933333333333333,7.01317572593689,29.979686975479126
1,mp-gan,0,4,1,350,56,0.16,6.6285927295684814,30.062544345855713
1,mp-gan,0,4,2,200,1,0.005,6.6285927295684814,30.062544345855713
1,mp-gan,0,4,3,150,91,0.6066666666666667,6.6285927295684814,30.062544345855713
1,mp-gan,0,4,4,200,197,0.985,6.6285927295684814,30.062544345855713
1,mp-gan,0,5,1,350,108,0.30857142857142855,6.697271823883057,29.898675441741943
1,mp-gan,0,5,2,200,37,0.185,6.697271823883057,29.898675441741943
1,mp-gan,0,5,3,150,112,0.7466666666666667,6.697271823883057,29.898675441741943
1,mp-gan,0,5,4,200,55,0.275,6.697271823883057,29.898675441741943
1,mp-gan,0,5,5,300,297,0.99,6.697271823883057,29.898675441741943
1,mp-wgan,0,1,1,350,349,0.9971428571428571,4.804526090621948,51.86453032493591
1,mp-wgan,0,2,1,350,0,0.0,6.686956167221069,51.36594200134277
1,mp-wgan,0,2,2,200,200,1.0,6.686956167221069,51.36594200134277
1,mp-wgan,0,3,1,350,0,0.0,6.690786123275757,51.412505865097046
1,mp-wgan,0,3,2,200,0,0.0,6.690786123275757,51.412505865097046
1,mp-wgan,0,3,3,150,146,0.9733333333333334,6.690786123275757,51.412505865097046
1,mp-wgan,0,4,1,350,0,0.0,6.6624755859375,52.41663837432861
1,mp-wgan,0,4,2,200,0,0.0,6.6624755859375,52.41663837432861
1,mp-wgan,0,4,3,150,0,0.0,6.6624755859375,52.41663837432861
1,mp-wgan,0,4,4,200,189,0.945,6.6624755859375,52.41663837432861
1,mp-wgan,0,5,1,350,0,0.0,6.705857753753662,51.363725900650024
1,mp-wgan,0,5,2,200,0,0.0,6.705857753753662,51.363725900650024
1,mp-wgan,0,5,3,150,32,0.21333333333333335,6.705857753753662,51.363725900650024
1,mp-wgan,0,5,4,200,67,0.335,6.705857753753662,51.363725900650024
1,mp-wgan,0,5,5,300,281,0.9366666666666666,6.705857753753662,51.363725900650024
1,sg-cgan,0,1,1,350,348,0.9942857142857143,4.89956521987915,63.83063459396362
1,sg-cgan,0,2,1,350,19,0.054285714285714284,6.638951778411865,125.97989130020142
1,sg-cgan,0,2,2,200,200,1.0,6.638951778411865,125.97989130020142
1,sg-cgan,0,3,1,350,10,0.02857142857142857,6.648565292358398,127.0083155632019
1,sg-cgan,0,3,2,200,8,0.04,6.648565292358398,127.0083155632019
1,sg-cgan,0,3,3,150,149,0.9933333333333333,6.648565292358398,127.0083155632019
1,sg-cgan,0,4,1,350,0,0.0,6.790085554122925,125.1309266090393
1,sg-cgan,0,4,2,200,1,0.005,6.790085554122925,125.1309266090393
1,sg-cgan,0,4,3,150,39,0.26,6.790085554122925,125.1309266090393
1,sg-cgan,0,4,4,200,196,0.98,6.790085554122925,125.1309266090393
1,sg-cgan,0,5,1,350,4,0.011428571428571429,6.6920623779296875,125.74358987808228
1,sg-cgan,0,5,2,200,0,0.0,6.6920623779296875,125.74358987808228
1,sg-cgan,0,5,3,150,66,0.44,6.6920623779296875,125.74358987808228
1,sg-cgan,0,5,4,200,66,0.33,6.6920623779296875,125.74358987808228
1,sg-cgan,0,5,5,300,290,0.9666666666666667,6.6920623779296875,125.74358987808228
1,sg-cwgan,0,1,1,350,348,0.9942857142857143,4.769055366516113,100.45071029663086
1,sg-cwgan,0,2,1,350,0,0.0,6.513157844543457,197.71686100959778
1,sg-cwgan,0,2,2,200,200,1.0,6.513157844543457,197.71686100959778
1,sg-cwgan,0,3,1,350,0,0.0,6.500323534011841,197.60037064552307
1,sg-cwgan,0,3,2,200,0,0.0,6.500323534011841,197.60037064552307
1,sg-cwgan,0,3,3,150,149,0.9933333333333333,6.500323534011841,197.60037064552307
1,sg-cwgan,0,4,1,350,0,0.0,6.52573823928833,198.7585232257843
1,sg-cwgan,0,4,2,200,0,0.0,6.52573823928833,198.7585232257843
1,sg-cwgan,0,4,3,150,59,0.3933333333333333,6.52573823928833,198.7585232257843
1,sg-cwgan,0,4,4,200,196,0.98,6.52573823928833,198.7585232257843
1,sg-cwgan,0,5,1,350,0,0.0,6.548361301422119,199.30515146255493
1,sg-cwgan,0,5,2,200,0,0.0,6.548361301422119,199.30515146255493
1,sg-cwgan,0,5,3,150,0,0.0,6.548361301422119,199.30515146255493
1,sg-cwgan,0,5,4,200,67,0.335,6.548361301422119,199.30515146255493
1,sg-cwgan,0,5,5,300,289,0.9633333333333334,6.548361301422119,199.30515146255493
1,lwf,0,1,1,350,349,0.9971428571428571,2.49395489692688,1.9073486328125e-06
1,lwf,0,2,1,350,0,0.0,3.1219193935394287,2.1457672119140625e-06
1,lwf,0,2,2,200,200,1.0,3.1219193935394287,2.1457672119140625e-06
1,lwf,0,3,1,350,0,0.0,3.1214981079101562,2.6226043701171875e-06
1,lwf,0,3,2,200,90,0.45,3.1214981079101562,2.6226043701171875e-06
1,lwf,0,3,3,150,145,0.9666666666666667,3.1214981079101562,2.6226043701171875e-06
1,lwf,0,4,1,350,0,0.0,3.0929436683654785,2.384185791015625e-06
1,lwf,0,4,2,200,72,0.36,3.0929436683654785,2.384185791015625e-06
1,lwf,0,4,3,150,6,0.04,3.0929436683654785,2.384185791015625e-06
1,lwf,0,4,4,200,193,0.965,3.0929436683654785,2.384185791015625e-06
1,lwf,0,5,1,350,0,0.0,3.1057233810424805,1.9073486328125e-06
1,lwf,0,5,2,200,16,0.08,3.1057233810424805,1.9073486328125e-06
1,lwf,0,5,3,150,2,0.013333333333333334,3.1057233810424805,1.9073486328125e-06
1,lwf,0,5,4,200,67,0.335,3.1057233810424805,1.9073486328125e-06
1,lwf,0,5,5,300,283,0.9433333333333334,3.1057233810424805,1.9073486328125e-06
1,ewc,0,1,1,350,349,0.9971428571428571,4.781574726104736,2.6226043701171875e-06
1,ewc,0,2,1,350,0,0.0,4.992025375366211,1.9073486328125e-06
1,ewc,0,2,2,200,200,1.0,4.992025375366211,1.9073486328125e-06
1,ewc,0,3,1,350,0,0.0,4.995955467224121,2.6226043701171875e-06
1,ewc,0,3,2,200,0,0.0,4.995955467224121,2.6226043701171875e-06
1,ewc,0,3,3,150,144,0.96,4.995955467224121,2.6226043701171875e-06
1,ewc,0,4,1,350,0,0.0,5.171751022338867,2.384185791015625e-06
1,ewc,0,4,2,200,0,0.0,5.171751022338867,2.384185791015625e-06
1,ewc,0,4,3,150,0,0.0,5.171751022338867,2.384185791015625e-06
1,ewc,0,4,4,200,196,0.98,5.171751022338867,2.384185791015625e-06
1,ewc,0,5,1,350,0,0.0,5.032988548278809,2.86102294921875e-06
1,ewc,0,5,2,200,0,0.0,5.032988548278809,2.86102294921875e-06
1,ewc,0,5,3,150,0,0.0,5.032988548278809,2.86102294921875e-06
1,ewc,0,5,4,200,0,0.0,5.032988548278809,2.86102294921875e-06
1,ewc,0,5,5,300,283,0.9433333333333334,5.032988548278809,2.86102294921875e-06
2,offline,0,None,1,200,190,0.95,None,None
2,offline,0,None,2,200,190,0.95,None,None
2,offline,0,None,3,200,98,0.49,None,None
2,offline,0,None,4,300,262,0.8733333333333333,None,None
2,offline,0,None,5,300,288,0.96,None,None
2,none,0,1,1,200,195,0.975,4.78253698348999,2.1457672119140625e-06
2,none,0,2,1,200,0,0.0,4.964093923568726,2.384185791015625e-06
2,none,0,2,2,200,191,0.955,4.964093923568726,2.384185791015625e-06
2,none,0,3,1,200,0,0.0,4.9897987842559814,3.0994415283203125e-06
2,none,0,3,2,200,0,0.0,4.9897987842559814,3.0994415283203125e-06
2,none,0,3,3,200,180,0.9,4.9897987842559814,3.0994415283203125e-06
2,none,0,4,1,200,0,0.0,5.025124549865723,2.6226043701171875e-06
2,none,0,4,2,200,0,0.0,5.025124549865723,2.6226043701171875e-06
2,none,0,4,3,200,0,0.0,5.025124549865723,2.6226043701171875e-06
2,none,0,4,4,300,295,0.9833333333333333,5.025124549865723,2.6226043701171875e-06
2,none,0,5,1,200,0,0.0,5.037745714187622,2.86102294921875e-06
2,none,0,5,2,200,0,0.0,5.037745714187622,2.86102294921875e-06
2,none,0,5,3,200,0,0.0,5.037745714187622,2.86102294921875e-06
2,none,0,5,4,300,0,0.0,5.037745714187622,2.86102294921875e-06
2,none,0,5,5,300,299,0.9966666666666667,5.037745714187622,2.86102294921875e-06
2,exact,0,1,1,200,195,0.975,4.892107009887695,2.1457672119140625e-06
2,exact,0,2,1,200,195,0.975,6.6690216064453125,2.384185791015625e-06
2,exact,0,2,2,200,188,0.94,6.6690216064453125,2.384185791015625e-06
2,exact,0,3,1,200,188,0.94,6.5972161293029785,2.384185791015625e-06
2,exact,0,3,2,200,194,0.97,6.5972161293029785,2.384185791015625e-06
2,exact,0,3,3,200,197,0.985,6.5972161293029785,2.384185791015625e-06
2,exact,0,4,1,200,189,0.945,6.563086748123169,2.6226043701171875e-06
2,exact,0,4,2,200,190,0.95,6.563086748123169,2.6226043701171875e-06
2,exact,0,4,3,200,153,0.765,6.563086748123169,2.6226043701171875e-06
2,exact,0,4,4,300,277,0.9233333333333333,6.563086748123169,2.6226043701171875e-06
2,exact,0,5,1,200,181,0.905,6.650680780410767,2.6226043701171875e-06
2,exact,0,5,2,200,184,0.92,6.650680780410767,2.6226043701171875e-06
2,exact,0,5,3,200,174,0.87,6.650680780410767,2.6226043701171875e-06
2,exact,0,5,4,300,264,0.88,6.650680780410767,2.6226043701171875e-06
2,exact,0,5,5,300,298,0.9933333333333333,6.650680780410767,2.6226043701171875e-06
2,mp-gan,0,1,1,200,195,0.975,4.788797616958618,29.84934687614441
2,mp-gan,0,2,1,200,141,0.705,6.576549530029297,29.946506023406982
2,mp-gan,0,2,2,200,196,0.98,6.576549530029297,29.946506023406982
2,mp-gan,0,3,1,200,107,0.535,6.560908079147339,29.6165828704834
2,mp-gan,0,3,2,200,66,0.33,6.560908079147339,29.6165828704834
2,mp-gan,0,3,3,200,197,0.985,6.560908079147339,29.6165828704834
2,mp-gan,0,4,1,200,105,0.525,6.595715045928955,30.384264945983887
2,mp-gan,0,4,2,200,48,0.24,6.595715045928955,30.384264945983887
2,mp-gan,0,4,3,200,58,0.29,6.595715045928955,30.384264945983887
2,mp-gan,0,4,4,300,294,0.98,6.595715045928955,30.384264945983887
2,mp-gan,0,5,1,200,106,0.53,6.573625326156616,29.70053195953369
2,mp-gan,0,5,2,200,43,0.215,6.573625326156616,29.70053195953369
2,mp-gan,0,5,3,200,7,0.035,6.573625326156616,29.70053195953369
2,mp-gan,0,5,4,300,133,0.44333333333333336,6.573625326156616,29.70053195953369
2,mp-gan,0,5,5,300,299,0.9966666666666667,6.573625326156616,29.70053195953369
2,mp-wgan,0,1,1,200,195,0.975,4.728306531906128,51.337265491485596
2,mp-wgan,0,2,1,200,62,0.31,6.579837083816528,50.99271845817566
2,mp-wgan,0,2,2,200,187,0.935,6.579837083816528,50.99271845817566
2,mp-wgan,0,3,1,200,46,0.23,6.664911508560181,50.96468448638916
2,mp-wgan,0,3,2,200,0,0.0,6.664911508560181,50.96468448638916
2,mp-wgan,0,3,3,200,196,0.98,6.664911508560181,50.96468448638916
2,mp-wgan,0,4,1,200,0,0.0,6.592591285705566,51.00044822692871
2,mp-wgan,0,4,2,200,0,0.0,6.592591285705566,51.00044822692871
2,mp-wgan,0,4,3,200,1,0.005,6.592591285705566,51.00044822692871
2,mp-wgan,0,4,4,300,288,0.96,6.592591285705566,51.00044822692871
2,mp-wgan,0,5,1,200,0,0.0,6.54677939414978,51.612940549850464
2,mp-wgan,0,5,2,200,0,0.0,6.54677939414978,51.612940549850464
2,mp-wgan,0,5,3,200,0,0.0,6.54677939414978,51.612940549850464
2,mp-wgan,0,5,4,300,2,0.006666666666666667,6.54677939414978,51.612940549850464
2,mp-wgan,0,5,5,300,295,0.9833333333333333,6.54677939414978,51.612940549850464
2,sg-cgan,0,1,1,200,199,0.995,4.763303756713867,62.835837602615356
2,sg-cgan,0,2,1,200,135,0.675,6.5434958934783936,123.93424272537231
2,sg-cgan,0,2,2,200,197,0.985,6.5434958934783936,123.93424272537231
2,sg-cgan,0,3,1,200,55,0.275,6.562458276748657,123.54830765724182
2,sg-cgan,0,3,2,200,136,0.68,6.562458276748657,123.54830765724182
2,sg-cgan,0,3,3,200,197,0.985,6.562458276748657,123.54830765724182
2,sg-cgan,0,4,1,200,62,0.31,6.555028438568115,123.52546310424805
2,sg-cgan,0,4,2,200,59,0.295,6.555028438568115,123.52546310424805
2,sg-cgan,0,4,3,200,60,0.3,6.555028438568115,123.52546310424805
2,sg-cgan,0,4,4,300,289,0.9633333333333334,6.555028438568115,123.52546310424805
2,sg-cgan,0,5,1,200,80,0.4,6.636651515960693,123.58933639526367
2,sg-cgan,0,5,2,200,0,0.0,6.636651515960693,123.58933639526367
2,sg-cgan,0,5,3,200,0,0.0,6.636651515960693,123.58933639526367
2,sg-cgan,0,5,4,300,89,0.2966666666666667,6.636651515960693,123.58933639526367
2,sg-cgan,0,5,5,300,299,0.9966666666666667,6.636651515960693,123.58933639526367
2,sg-cwgan,0,1,1,200,199,0.995,4.724156618118286,99.75774455070496
2,sg-cwgan,0,2,1,200,0,0.0,6.4830100536346436,197.46810674667358
2,sg-cwgan,0,2,2,200,196,0.98,6.4830100536346436,197.46810674667358
2,sg-cwgan,0,3,1,200,0,0.0,6.5029637813568115,199.09228920936584
2,sg-cwgan,0,3,2,200,0,0.0,6.5029637813568115,199.09228920936584
2,sg-cwgan,0,3,3,200,197,0.985,6.5029637813568115,199.09228920936584
2,sg-cwgan,0,4,1,200,0,0.0,6.630821943283081,198.78644156455994
2,sg-cwgan,0,4,2,200,0,0.0,6.630821943283081,198.78644156455994
2,sg-cwgan,0,4,3,200,0,0.0,6.630821943283081,198.78644156455994
2,sg-cwgan,0,4,4,300,291,0.97,6.630821943283081,198.78644156455994
2,sg-cwgan,0,5,1,200,0,0.0,6.4932215213775635,198.72742128372192
2,sg-cwgan,0,5,2,200,0,0.0,6.4932215213775635,198.72742128372192
2,sg-cwgan,0,5,3,200,0,0.0,6.4932215213775635,198.72742128372192
2,sg-cwgan,0,5,4,300,0,0.0,6.4932215213775635,198.72742128372192
2,sg-cwgan,0,5,5,300,299,0.9966666666666667,6.4932215213775635,198.72742128372192
2,lwf,0,1,1,200,195,0.975,2.493380308151245,1.430511474609375e-06
2,lwf,0,2,1,200,33,0.165,3.0774314403533936,2.384185791015625e-06
2,lwf,0,2,2,200,196,0.98,3.0774314403533936,2.384185791015625e-06
2,lwf,0,3,1,200,0,0.0,3.0678117275238037,2.6226043701171875e-06
2,lwf,0,3,2,200,98,0.49,3.0678117275238037,2.6226043701171875e-06
2,lwf,0,3,3,200,195,0.975,3.0678117275238037,2.6226043701171875e-06
2,lwf,0,4,1,200,0,0.0,3.0812578201293945,2.86102294921875e-06
2,lwf,0,4,2,200,12,0.06,3.0812578201293945,2.86102294921875e-06
2,lwf,0,4,3,200,69,0.345,3.0812578201293945,2.86102294921875e-06
2,lwf,0,4,4,300,277,0.9233333333333333,3.0812578201293945,2.86102294921875e-06
2,lwf,0,5,1,200,0,0.0,3.1307334899902344,2.384185791015625e-06
2,lwf,0,5,2,200,3,0.015,3.1307334899902344,2.384185791015625e-06
2,lwf,0,5,3,200,0,0.0,3.1307334899902344,2.384185791015625e-06
2,lwf,0,5,4,300,59,0.19666666666666666,3.1307334899902344,2.384185791015625e-06
2,lwf,0,5,5,300,299,0.9966666666666667,3.1307334899902344,2.384185791015625e-06
2,ewc,0,1,1,200,195,0.975,4.987863779067993,2.384185791015625e-06
2,ewc,0,2,1,200,0,0.0,5.20827841758728,2.6226043701171875e-06
2,ewc,0,2,2,200,191,0.955,5.20827841758728,2.6226043701171875e-06
2,ewc,0,3,1,200,0,0.0,5.018012046813965,3.0994415283203125e-06
2,ewc,0,3,2,200,0,0.0,5.018012046813965,3.0994415283203125e-06
2,ewc,0,3,3,200,180,0.9,5.018012046813965,3.0994415283203125e-06
2,ewc,0,4,1,200,0,0.0,4.976373672485352,2.384185791015625e-06
2,ewc,0,4,2,200,0,0.0,4.976373672485352,2.384185791015625e-06
2,ewc,0,4,3,200,0,0.0,4.976373672485352,2.384185791015625e-06
2,ewc,0,4,4,300,295,0.9833333333333333,4.976373672485352,2.384185791015625e-06
2,ewc,0,5,1,200,0,0.0,4.969163417816162,2.6226043701171875e-06
2,ewc,0,5,2,200,0,0.0,4.969163417816162,2.6226043701171875e-06
2,ewc,0,5,3,200,0,0.0,4.969163417816162,2.6226043701171875e-06
2,ewc,0,5,4,300,0,0.0,4.969163417816162,2.6226043701171875e-06
2,ewc,0,5,5,300,299,0.9966666666666667,4.969163417816162,2.6226043701171875e-06
3,offline,0,None,1,200,193,0.965,None,None
3,offline,0,None,2,150,140,0.9333333333333333,None,None
3,offline,0,None,3,300,241,0.8033333333333333,None,None
3,offline,0,None,4,200,162,0.81,None,None
3,offline,0,None,5,300,285,0.95,None,None
3,none,0,1,1,200,196,0.98,4.804178476333618,4.291534423828125e-06
3,none,0,2,1,200,0,0.0,4.997133731842041,2.1457672119140625e-06
3,none,0,2,2,150,146,0.9733333333333334,4.997133731842041,2.1457672119140625e-06
3,none,0,3,1,200,0,0.0,4.938766241073608,2.384185791015625e-06
3,none,0,3,2,150,0,0.0,4.938766241073608,2.384185791015625e-06
3,none,0,3,3,300,295,0.9833333333333333,4.938766241073608,2.384185791015625e-06
3,none,0,4,1,200,0,0.0,5.089701414108276,2.86102294921875e-06
3,none,0,4,2,150,0,0.0,5.089701414108276,2.86102294921875e-06
3,none,0,4,3,300,0,0.0,5.089701414108276,2.86102294921875e-06
3,none,0,4,4,200,199,0.995,5.089701414108276,2.86102294921875e-06
3,none,0,5,1,200,0,0.0,5.1536619663238525,3.337860107421875e-06
3,none,0,5,2,150,0,0.0,5.1536619663238525,3.337860107421875e-06
3,none,0,5,3,300,0,0.0,5.1536619663238525,3.337860107421875e-06
3,none,0,5,4,200,0,0.0,5.1536619663238525,3.337860107421875e-06
3,none,0,5,5,300,299,0.9966666666666667,5.1536619663238525,3.337860107421875e-06
3,exact,0,1,1,200,196,0.98,4.797574996948242,3.337860107421875e-06
3,exact,0,2,1,200,197,0.985,6.604786396026611,2.384185791015625e-06
3,exact,0,2,2,150,143,0.9533333333333334,6.604786396026611,2.384185791015625e-06
3,exact,0,3,1,200,193,0.965,6.554365158081055,2.384185791015625e-06
3,exact,0,3,2,150,140,0.9333333333333333,6.554365158081055,2.384185791015625e-06
3,exact,0,3,3,300,289,0.9633333333333334,6.554365158081055,2.384185791015625e-06
3,exact,0,4,1,200,186,0.93,6.567168235778809,4.291534423828125e-06
3,exact,0,4,2,150,147,0.98,6.567168235778809,4.291534423828125e-06
3,exact,0,4,3,300,284,0.9466666666666667,6.567168235778809,4.291534423828125e-06
3,exact,0,4,4,200,195,0.975,6.567168235778809,4.291534423828125e-06
3,exact,0,5,1,200,190,0.95,6.580440044403076,2.86102294921875e-06
3,exact,0,5,2,150,124,0.8266666666666667,6.580440044403076,2.86102294921875e-06
3,exact,0,5,3,300,235,0.7833333333333333,6.580440044403076,2.86102294921875e-06
3,exact,0,5,4,200,145,0.725,6.580440044403076,2.86102294921875e-06
3,exact,0,5,5,300,293,0.9766666666666667,6.580440044403076,2.86102294921875e-06
3,mp-gan,0,1,1,200,195,0.975,4.739726781845093,29.622445583343506
3,mp-gan,0,2,1,200,64,0.32,6.625109672546387,29.928399085998535
3,mp-gan,0,2,2,150,146,0.9733333333333334,6.625109672546387,29.928399085998535
3,mp-gan,0,3,1,200,11,0.055,6.600724935531616,29.775784254074097
3,mp-gan,0,3,2,150,135,0.9,6.600724935531616,29.775784254074097
3,mp-gan,0,3,3,300,294,0.98,6.600724935531616,29.775784254074097
3,mp-gan,0,4,1,200,8,0.04,6.608625411987305,29.67644214630127
3,mp-gan,0,4,2,150,89,0.5933333333333334,6.608625411987305,29.67644214630127
3,mp-gan,0,4,3,300,122,0.4066666666666667,6.608625411987305,29.67644214630127
3,mp-gan,0,4,4,200,195,0.975,6.608625411987305,29.67644214630127
3,mp-gan,0,5,1,200,0,0.0,6.544003248214722,29.457051992416382
3,mp-gan,0,5,2,150,95,0.6333333333333333,6.544003248214722,29.457051992416382
3,mp-gan,0,5,3,300,3,0.01,6.544003248214722,29.457051992416382
3,mp-gan,0,5,4,200,46,0.23,6.544003248214722,29.457051992416382
3,mp-gan,0,5,5,300,299,0.9966666666666667,6.544003248214722,29.457051992416382
3,mp-wgan,0,1,1,200,195,0.975,4.722174644470215,51.343477964401245
3,mp-wgan,0,2,1,200,0,0.0,6.444643497467041,50.92193794250488
3,mp-wgan,0,2,2,150,146,0.9733333333333334,6.444643497467041,50.92193794250488
3,mp-wgan,0,3,1,200,0,0.0,6.546315670013428,50.36213278770447
3,mp-wgan,0,3,2,150,28,0.18666666666666668,6.546315670013428,50.36213278770447
3,mp-wgan,0,3,3,300,298,0.9933333333333333,6.546315670013428,50.36213278770447
3,mp-wgan,0,4,1,200,0,0.0,6.535985231399536,50.89450764656067
3,mp-wgan,0,4,2,150,0,0.0,6.535985231399536,50.89450764656067
3,mp-wgan,0,4,3,300,0,0.0,6.535985231399536,50.89450764656067
3,mp-wgan,0,4,4,200,195,0.975,6.535985231399536,50.89450764656067
3,mp-wgan,0,5,1,200,0,0.0,6.58653998374939,50.39407420158386
3,mp-wgan,0,5,2,150,0,0.0,6.58653998374939,50.39407420158386
3,mp-wgan,0,5,3,300,0,0.0,6.58653998374939,50.39407420158386
3,mp-wgan,0,5,4,200,0,0.0,6.58653998374939,50.39407420158386
3,mp-wgan,0,5,5,300,294,0.98,6.58653998374939,50.39407420158386
3,sg-cgan,0,1,1,200,198,0.99,4.7230634689331055,62.05293798446655
3,sg-cgan,0,2,1,200,14,0.07,6.5400331020355225,123.10121703147888
3,sg-cgan,0,2,2,150,148,0.9866666666666667,6.5400331020355225,123.10121703147888
3,sg-cgan,0,3,1,200,0,0.0,6.5803749561309814,123.47226905822754
3,sg-cgan,0,3,2,150,134,0.8933333333333333,6.5803749561309814,123.47226905822754
3,sg-cgan,0,3,3,300,297,0.99,6.5803749561309814,123.47226905822754
3,sg-cgan,0,4,1,200,0,0.0,6.555391550064087,123.7257809638977
3,sg-cgan,0,4,2,150,69,0.46,6.555391550064087,123.7257809638977
3,sg-cgan,0,4,3,300,9,0.03,6.555391550064087,123.7257809638977
3,sg-cgan,0,4,4,200,196,0.98,6.555391550064087,123.7257809638977
3,sg-cgan,0,5,1,200,0,0.0,6.671213626861572,126.89160561561584
3,sg-cgan,0,5,2,150,35,0.23333333333333334,6.671213626861572,126.89160561561584
3,sg-cgan,0,5,3,300,0,0.0,6.671213626861572,126.89160561561584
3,sg-cgan,0,5,4,200,0,0.0,6.671213626861572,126.89160561561584
3,sg-cgan,0,5,5,300,296,0.9866666666666667,6.671213626861572,126.89160561561584
3,sg-cwgan,0,1,1,200,198,0.99,4.742661237716675,100.66017198562622
3,sg-cwgan,0,2,1,200,0,0.0,5.022541761398315,100.58007478713989
3,sg-cwgan,0,2,2,150,147,0.98,5.022541761398315,100.58007478713989
3,sg-cwgan,0,3,1,200,0,0.0,6.54021143913269,198.93497514724731
3,sg-cwgan,0,3,2,150,50,0.3333333333333333,6.54021143913269,198.93497514724731
3,sg-cwgan,0,3,3,300,294,0.98,6.54021143913269,198.93497514724731
3,sg-cwgan,0,4,1,200,0,0.0,6.528071641921997,198.22227144241333
3,sg-cwgan,0,4,2,150,0,0.0,6.528071641921997,198.22227144241333
3,sg-cwgan,0,4,3,300,0,0.0,6.528071641921997,198.22227144241333
3,sg-cwgan,0,4,4,200,197,0.985,6.528071641921997,198.22227144241333
3,sg-cwgan,0,5,1,200,0,0.0,6.548622369766235,198.84737610816956
3,sg-cwgan,0,5,2,150,0,0.0,6.548622369766235,198.84737610816956
3,sg-cwgan,0,5,3,300,0,0.0,6.548622369766235,198.84737610816956
3,sg-cwgan,0,5,4,200,0,0.0,6.548622369766235,198.84737610816956
3,sg-cwgan,0,5,5,300,299,0.9966666666666667,6.548622369766235,198.84737610816956
3,lwf,0,1,1,200,195,0.975,2.4570229053497314,2.86102294921875e-06
3,lwf,0,2,1,200,3,0.015,3.08113169670105,1.9073486328125e-06
3,lwf,0,2,2,150,148,0.9866666666666667,3.08113169670105,1.9073486328125e-06
3,lwf,0,3,1,200,0,0.0,3.1303915977478027,2.1457672119140625e-06
3,lwf,0,3,2,150,74,0.49333333333333335,3.1303915977478027,2.1457672119140625e-06
3,lwf,0,3,3,300,296,0.9866666666666667,3.1303915977478027,2.1457672119140625e-06
3,lwf,0,4,1,200,0,0.0,3.112821340560913,3.337860107421875e-06
3,lwf,0,4,2,150,13,0.08666666666666667,3.112821340560913,3.337860107421875e-06
3,lwf,0,4,3,300,7,0.023333333333333334,3.112821340560913,3.337860107421875e-06
3,lwf,0,4,4,200,198,0.99,3.112821340560913,3.337860107421875e-06
3,lwf,0,5,1,200,0,0.0,3.123725175857544,2.1457672119140625e-06
3,lwf,0,5,2,150,7,0.04666666666666667,3.123725175857544,2.1457672119140625e-06
3,lwf,0,5,3,300,0,0.0,3.123725175857544,2.1457672119140625e-06
3,lwf,0,5,4,200,0,0.0,3.123725175857544,2.1457672119140625e-06
3,lwf,0,5,5,300,299,0.9966666666666667,3.123725175857544,2.1457672119140625e-06
3,ewc,0,1,1,200,196,0.98,4.768582105636597,2.86102294921875e-06
3,ewc,0,2,1,200,0,0.0,4.974691867828369,4.291534423828125e-06
3,ewc,0,2,2,150,146,0.9733333333333334,4.974691867828369,4.291534423828125e-06
3,ewc,0,3,1,200,0,0.0,5.0156309604644775,2.86102294921875e-06
3,ewc,0,3,2,150,0,0.0,5.0156309604644775,2.86102294921875e-06
3,ewc,0,3,3,300,295,0.9833333333333333,5.0156309604644775,2.86102294921875e-06
3,ewc,0,4,1,200,0,0.0,4.9486775398254395,2.384185791015625e-06
3,ewc,0,4,2,150,0,0.0,4.9486775398254395,2.384185791015625e-06
3,ewc,0,4,3,300,0,0.0,4.9486775398254395,2.384185791015625e-06
3,ewc,0,4,4,200,199,0.995,4.9486775398254395,2.384185791015625e-06
3,ewc,0,5,1,200,0,0.0,4.984469413757324,1.9073486328125e-06
3,ewc,0,5,2,150,0,0.0,4.984469413757324,1.9073486328125e-06
3,ewc,0,5,3,300,0,0.0,4.984469413757324,1.9073486328125e-06
3,ewc,0,5,4,200,0,0.0,4.984469413757324,1.9073486328125e-06
3,ewc,0,5,5,300,299,0.9966666666666667,4.984469413757324,1.9073486328125e-06
4,offline,0,None,1,200,172,0.86,None,None
4,offline,0,None,2,300,221,0.7366666666666667,None,None
4,offline,0,None,3,250,226,0.904,None,None
4,offline,0,None,4,150,135,0.9,None,None
4,offline,0,None,5,300,276,0.92,None,None
4,none,0,1,1,200,198,0.99,2.6191415786743164,3.5762786865234375e-06
4,none,0,2,1,200,26,0.13,3.01096773147583,3.0994415283203125e-06
4,none,0,2,2,300,286,0.9533333333333334,3.01096773147583,3.0994415283203125e-06
4,none,0,3,1,200,7,0.035,3.033855438232422,2.1457672119140625e-06
4,none,0,3,2,300,58,0.19333333333333333,3.033855438232422,2.1457672119140625e-06
4,none,0,3,3,250,236,0.944,3.033855438232422,2.1457672119140625e-06
4,none,0,4,1,200,0,0.0,3.0716943740844727,2.384185791015625e-06
4,none,0,4,2,300,45,0.15,3.0716943740844727,2.384185791015625e-06
4,none,0,4,3,250,223,0.892,3.0716943740844727,2.384185791015625e-06
4,none,0,4,4,150,92,0.6133333333333333,3.0716943740844727,2.384185791015625e-06
4,none,0,5,1,200,0,0.0,3.0701072216033936,2.1457672119140625e-06
4,none,0,5,2,300,0,0.0,3.0701072216033936,2.1457672119140625e-06
4,none,0,5,3,250,127,0.508,3.0701072216033936,2.1457672119140625e-06
4,none,0,5,4,150,12,0.08,3.0701072216033936,2.1457672119140625e-06
4,none,0,5,5,300,297,0.99,3.0701072216033936,2.1457672119140625e-06
4,exact,0,1,1,200,198,0.99,2.9356179237365723,1.9073486328125e-06
4,exact,0,2,1,200,196,0.98,4.842591047286987,2.1457672119140625e-06
4,exact,0,2,2,300,277,0.9233333333333333,4.842591047286987,2.1457672119140625e-06
4,exact,0,3,1,200,194,0.97,4.893693923950195,2.6226043701171875e-06
4,exact,0,3,2,300,278,0.9266666666666666,4.893693923950195,2.6226043701171875e-06
4,exact,0,3,3,250,211,0.844,4.893693923950195,2.6226043701171875e-06
4,exact,0,4,1,200,194,0.97,4.8985607624053955,2.1457672119140625e-06
4,exact,0,4,2,300,280,0.9333333333333333,4.8985607624053955,2.1457672119140625e-06
4,exact,0,4,3,250,222,0.888,4.8985607624053955,2.1457672119140625e-06
4,exact,0,4,4,150,117,0.78,4.8985607624053955,2.1457672119140625e-06
4,exact,0,5,1,200,193,0.965,4.9939634799957275,2.6226043701171875e-06
4,exact,0,5,2,300,277,0.9233333333333333,4.9939634799957275,2.6226043701171875e-06
4,exact,0,5,3,250,217,0.868,4.9939634799957275,2.6226043701171875e-06
4,exact,0,5,4,150,118,0.7866666666666666,4.9939634799957275,2.6226043701171875e-06
4,exact,0,5,5,300,158,0.5266666666666666,4.9939634799957275,2.6226043701171875e-06
4,mp-gan,0,1,1,200,199,0.995,2.375030517578125,29.51784873008728
4,mp-gan,0,2,1,200,131,0.655,4.819666147232056,29.5546555519104
4,mp-gan,0,2,2,300,283,0.9433333333333334,4.819666147232056,29.5546555519104
4,mp-gan,0,3,1,200,56,0.28,4.814202547073364,29.586254119873047
4,mp-gan,0,3,2,300,187,0.6233333333333333,4.814202547073364,29.586254119873047
4,mp-gan,0,3,3,250,237,0.948,4.814202547073364,29.586254119873047
4,mp-gan,0,4,1,200,57,0.285,5.470935106277466,29.897507429122925
4,mp-gan,0,4,2,300,143,0.4766666666666667,5.470935106277466,29.897507429122925
4,mp-gan,0,4,3,250,235,0.94,5.470935106277466,29.897507429122925
4,mp-gan,0,4,4,150,137,0.9133333333333333,5.470935106277466,29.897507429122925
4,mp-gan,0,5,1,200,55,0.275,4.905735969543457,29.659423351287842
4,mp-gan,0,5,2,300,86,0.2866666666666667,4.905735969543457,29.659423351287842
4,mp-gan,0,5,3,250,192,0.768,4.905735969543457,29.659423351287842
4,mp-gan,0,5,4,150,127,0.8466666666666667,4.905735969543457,29.659423351287842
4,mp-gan,0,5,5,300,295,0.9833333333333333,4.905735969543457,29.659423351287842
4,mp-wgan,0,1,1,200,199,0.995,2.3189289569854736,49.7897846698761
4,mp-wgan,0,2,1,200,71,0.355,4.666655540466309,49.80093598365784
4,mp-wgan,0,2,2,300,295,0.9833333333333333,4.666655540466309,49.80093598365784
4,mp-wgan,0,3,1,200,37,0.185,4.791520833969116,49.69213509559631
4,mp-wgan,0,3,2,300,57,0.19,4.791520833969116,49.69213509559631
4,mp-wgan,0,3,3,250,240,0.96,4.791520833969116,49.69213509559631
4,mp-wgan,0,4,1,200,13,0.065,4.813153266906738,49.96049880981445
4,mp-wgan,0,4,2,300,44,0.14666666666666667,4.813153266906738,49.96049880981445
4,mp-wgan,0,4,3,250,232,0.928,4.813153266906738,49.96049880981445
4,mp-wgan,0,4,4,150,125,0.8333333333333334,4.813153266906738,49.96049880981445
4,mp-wgan,0,5,1,200,0,0.0,4.877625226974487,50.658480644226074
4,mp-wgan,0,5,2,300,0,0.0,4.877625226974487,50.658480644226074
4,mp-wgan,0,5,3,250,139,0.556,4.877625226974487,50.658480644226074
4,mp-wgan,0,5,4,150,18,0.12,4.877625226974487,50.658480644226074
4,mp-wgan,0,5,5,300,297,0.99,4.877625226974487,50.658480644226074
4,sg-cgan,0,1,1,200,197,0.985,2.4395577907562256,63.01089429855347
4,sg-cgan,0,2,1,200,86,0.43,4.886763095855713,123.10747933387756
4,sg-cgan,0,2,2,300,262,0.8733333333333333,4.886763095855713,123.10747933387756
4,sg-cgan,0,3,1,200,62,0.31,5.2225401401519775,131.74204897880554
4,sg-cgan,0,3,2,300,210,0.7,5.2225401401519775,131.74204897880554
4,sg-cgan,0,3,3,250,239,0.956,5.2225401401519775,131.74204897880554
4,sg-cgan,0,4,1,200,43,0.215,5.2808332443237305,131.26196026802063
4,sg-cgan,0,4,2,300,217,0.7233333333333334,5.2808332443237305,131.26196026802063
4,sg-cgan,0,4,3,250,238,0.952,5.2808332443237305,131.26196026802063
4,sg-cgan,0,4,4,150,113,0.7533333333333333,5.2808332443237305,131.26196026802063
4,sg-cgan,0,5,1,200,0,0.0,5.2957658767700195,131.1972460746765
4,sg-cgan,0,5,2,300,12,0.04,5.2957658767700195,131.1972460746765
4,sg-cgan,0,5,3,250,190,0.76,5.2957658767700195,131.1972460746765
4,sg-cgan,0,5,4,150,90,0.6,5.2957658767700195,131.1972460746765
4,sg-cgan,0,5,5,300,297,0.99,5.2957658767700195,131.1972460746765
4,sg-cwgan,0,1,1,200,198,0.99,2.5632054805755615,106.38558316230774
4,sg-cwgan,0,2,1,200,63,0.315,5.172883033752441,218.40087366104126
4,sg-cwgan,0,2,2,300,240,0.8,5.172883033752441,218.40087366104126
4,sg-cwgan,0,3,1,200,11,0.055,5.222129821777344,214.22090697288513
4,sg-cwgan,0,3,2,300,83,0.27666666666666667,5.222129821777344,214.22090697288513
4,sg-cwgan,0,3,3,250,243,0.972,5.222129821777344,214.22090697288513
4,sg-cwgan,0,4,1,200,2,0.01,5.225073575973511,209.81696438789368
4,sg-cwgan,0,4,2,300,67,0.22333333333333333,5.225073575973511,209.81696438789368
4,sg-cwgan,0,4,3,250,229,0.916,5.225073575973511,209.81696438789368
4,sg-cwgan,0,4,4,150,134,0.8933333333333333,5.225073575973511,209.81696438789368
4,sg-cwgan,0,5,1,200,0,0.0,5.246206760406494,213.10853624343872
4,sg-cwgan,0,5,2,300,0,0.0,5.246206760406494,213.10853624343872
4,sg-cwgan,0,5,3,250,101,0.404,5.246206760406494,213.10853624343872
4,sg-cwgan,0,5,4,150,32,0.21333333333333335,5.246206760406494,213.10853624343872
4,sg-cwgan,0,5,5,300,298,0.9933333333333333,5.246206760406494,213.10853624343872
4,lwf,0,1,1,200,198,0.99,2.5784919261932373,2.384185791015625e-06
4,lwf,0,2,1,200,26,0.13,3.2626194953918457,2.6226043701171875e-06
4,lwf,0,2,2,300,286,0.9533333333333334,3.2626194953918457,2.6226043701171875e-06
4,lwf,0,3,1,200,7,0.035,3.2924857139587402,2.6226043701171875e-06
4,lwf,0,3,2,300,58,0.19333333333333333,3.2924857139587402,2.6226043701171875e-06
4,lwf,0,3,3,250,236,0.944,3.2924857139587402,2.6226043701171875e-06
4,lwf,0,4,1,200,0,0.0,3.275254726409912,2.6226043701171875e-06
4,lwf,0,4,2,300,45,0.15,3.275254726409912,2.6226043701171875e-06
4,lwf,0,4,3,250,223,0.892,3.275254726409912,2.6226043701171875e-06
4,lwf,0,4,4,150,92,0.6133333333333333,3.275254726409912,2.6226043701171875e-06
4,lwf,0,5,1,200,0,0.0,3.37286114692688,2.6226043701171875e-06
4,lwf,0,5,2,300,0,0.0,3.37286114692688,2.6226043701171875e-06
4,lwf,0,5,3,250,127,0.508,3.37286114692688,2.6226043701171875e-06
4,lwf,0,5,4,150,12,0.08,3.37286114692688,2.6226043701171875e-06
4,lwf,0,5,5,300,297,0.99,3.37286114692688,2.6226043701171875e-06
4,ewc,0,1,1,200,199,0.995,5.053297758102417,2.6226043701171875e-06
4,ewc,0,2,1,200,0,0.0,5.287058353424072,2.384185791015625e-06
4,ewc,0,2,2,300,254,0.8466666666666667,5.287058353424072,2.384185791015625e-06
4,ewc,0,3,1,200,0,0.0,5.262200593948364,2.1457672119140625e-06
4,ewc,0,3,2,300,0,0.0,5.262200593948364,2.1457672119140625e-06
4,ewc,0,3,3,250,247,0.988,5.262200593948364,2.1457672119140625e-06
4,ewc,0,4,1,200,0,0.0,5.309422254562378,2.86102294921875e-06
4,ewc,0,4,2,300,0,0.0,5.309422254562378,2.86102294921875e-06
4,ewc,0,4,3,250,0,0.0,5.309422254562378,2.86102294921875e-06
4,ewc,0,4,4,150,142,0.9466666666666667,5.309422254562378,2.86102294921875e-06
4,ewc,0,5,1,200,0,0.0,5.331049203872681,5.245208740234375e-06
4,ewc,0,5,2,300,0,0.0,5.331049203872681,5.245208740234375e-06
4,ewc,0,5,3,250,0,0.0,5.331049203872681,5.245208740234375e-06
4,ewc,0,5,4,150,0,0.0,5.331049203872681,5.245208740234375e-06
4,ewc,0,5,5,300,299,0.9966666666666667,5.331049203872681,5.245208740234375e-06
5,offline,0,None,1,300,274,0.9133333333333333,None,None
5,offline,0,None,2,300,289,0.9633333333333334,None,None
5,offline,0,None,3,200,127,0.635,None,None
5,offline,0,None,4,200,193,0.965,None,None
5,offline,0,None,5,200,165,0.825,None,None
5,none,0,1,1,300,295,0.9833333333333333,5.040051221847534,2.1457672119140625e-06
5,none,0,2,1,300,0,0.0,5.58771014213562,3.5762786865234375e-06
5,none,0,2,2,300,297,0.99,5.58771014213562,3.5762786865234375e-06
5,none,0,3,1,300,0,0.0,5.290407180786133,2.384185791015625e-06
5,none,0,3,2,300,0,0.0,5.290407180786133,2.384185791015625e-06
5,none,0,3,3,200,198,0.99,5.290407180786133,2.384185791015625e-06
5,none,0,4,1,300,0,0.0,5.263614177703857,3.0994415283203125e-06
5,none,0,4,2,300,0,0.0,5.263614177703857,3.0994415283203125e-06
5,none,0,4,3,200,0,0.0,5.263614177703857,3.0994415283203125e-06
5,none,0,4,4,200,196,0.98,5.263614177703857,3.0994415283203125e-06
5,none,0,5,1,300,0,0.0,5.282527685165405,2.6226043701171875e-06
5,none,0,5,2,300,0,0.0,5.282527685165405,2.6226043701171875e-06
5,none,0,5,3,200,0,0.0,5.282527685165405,2.6226043701171875e-06
5,none,0,5,4,200,0,0.0,5.282527685165405,2.6226043701171875e-06
5,none,0,5,5,200,197,0.985,5.282527685165405,2.6226043701171875e-06
5,exact,0,1,1,300,295,0.9833333333333333,5.05007791519165,3.5762786865234375e-06
5,exact,0,2,1,300,293,0.9766666666666667,7.024657964706421,2.86102294921875e-06
5,exact,0,2,2,300,295,0.9833333333333333,7.024657964706421,2.86102294921875e-06
5,exact,0,3,1,300,292,0.9733333333333334,6.9296228885650635,3.814697265625e-06
5,exact,0,3,2,300,295,0.9833333333333333,6.9296228885650635,3.814697265625e-06
5,exact,0,3,3,200,192,0.96,6.9296228885650635,3.814697265625e-06
5,exact,0,4,1,300,288,0.96,6.945895433425903,2.384185791015625e-06
5,exact,0,4,2,300,292,0.9733333333333334,6.945895433425903,2.384185791015625e-06
5,exact,0,4,3,200,194,0.97,6.945895433425903,2.384185791015625e-06
5,exact,0,4,4,200,192,0.96,6.945895433425903,2.384185791015625e-06
5,exact,0,5,1,300,267,0.89,6.954272031784058,2.86102294921875e-06
5,exact,0,5,2,300,267,0.89,6.954272031784058,2.86102294921875e-06
5,exact,0,5,3,200,184,0.92,6.954272031784058,2.86102294921875e-06
5,exact,0,5,4,200,173,0.865,6.954272031784058,2.86102294921875e-06
5,exact,0,5,5,200,187,0.935,6.954272031784058,2.86102294921875e-06
5,mp-gan,0,1,1,300,295,0.9833333333333333,5.038421154022217,41.885767698287964
5,mp-gan,0,2,1,300,36,0.12,6.880925893783569,31.33722686767578
5,mp-gan,0,2,2,300,297,0.99,6.880925893783569,31.33722686767578
5,mp-gan,0,3,1,300,31,0.10333333333333333,6.904900074005127,31.222438097000122
5,mp-gan,0,3,2,300,141,0.47,6.904900074005127,31.222438097000122
5,mp-gan,0,3,3,200,199,0.995,6.904900074005127,31.222438097000122
5,mp-gan,0,4,1,300,27,0.09,6.917062282562256,31.28298783302307
5,mp-gan,0,4,2,300,11,0.03666666666666667,6.917062282562256,31.28298783302307
5,mp-gan,0,4,3,200,68,0.34,6.917062282562256,31.28298783302307
5,mp-gan,0,4,4,200,198,0.99,6.917062282562256,31.28298783302307
5,mp-gan,0,5,1,300,0,0.0,6.924255847930908,31.7472882270813
5,mp-gan,0,5,2,300,39,0.13,6.924255847930908,31.7472882270813
5,mp-gan,0,5,3,200,38,0.19,6.924255847930908,31.7472882270813
5,mp-gan,0,5,4,200,111,0.555,6.924255847930908,31.7472882270813
5,mp-gan,0,5,5,200,198,0.99,6.924255847930908,31.7472882270813
5,mp-wgan,0,1,1,300,295,0.9833333333333333,5.0385658740997314,53.5257887840271
5,mp-wgan,0,2,1,300,87,0.29,6.970177412033081,53.63905215263367
5,mp-wgan,0,2,2,300,297,0.99,6.970177412033081,53.63905215263367
5,mp-wgan,0,3,1,300,1,0.0033333333333333335,12.128134727478027,53.85524272918701
5,mp-wgan,0,3,2,300,4,0.013333333333333334,12.128134727478027,53.85524272918701
5,mp-wgan,0,3,3,200,199,0.995,12.128134727478027,53.85524272918701
5,mp-wgan,0,4,1,300,0,0.0,6.940464735031128,53.31768846511841
5,mp-wgan,0,4,2,300,0,0.0,6.940464735031128,53.31768846511841
5,mp-wgan,0,4,3,200,7,0.035,6.940464735031128,53.31768846511841
5,mp-wgan,0,4,4,200,194,0.97,6.940464735031128,53.31768846511841
5,mp-wgan,0,5,1,300,0,0.0,6.949233055114746,54.2114040851593
5,mp-wgan,0,5,2,300,0,0.0,6.949233055114746,54.2114040851593
5,mp-wgan,0,5,3,200,0,0.0,6.949233055114746,54.2114040851593
5,mp-wgan,0,5,4,200,60,0.3,6.949233055114746,54.2114040851593
5,mp-wgan,0,5,5,200,197,0.985,6.949233055114746,54.2114040851593
5,sg-cgan,0,1,1,300,297,0.99,5.0202131271362305,75.78136801719666
5,sg-cgan,0,2,1,300,129,0.43,6.961384296417236,131.81892848014832
5,sg-cgan,0,2,2,300,297,0.99,6.961384296417236,131.81892848014832
5,sg-cgan,0,3,1,300,4,0.013333333333333334,6.991983413696289,131.49573373794556
5,sg-cgan,0,3,2,300,187,0.6233333333333333,6.991983413696289,131.49573373794556
5,sg-cgan,0,3,3,200,198,0.99,6.991983413696289,131.49573373794556
5,sg-cgan,0,4,1,300,0,0.0,6.966392993927002,176.71004676818848
5,sg-cgan,0,4,2,300,6,0.02,6.966392993927002,176.71004676818848
5,sg-cgan,0,4,3,200,92,0.46,6.966392993927002,176.71004676818848
5,sg-cgan,0,4,4,200,197,0.985,6.966392993927002,176.71004676818848
5,sg-cgan,0,5,1,300,0,0.0,175.11931467056274,273.8392996788025
5,sg-cgan,0,5,2,300,2,0.006666666666666667,175.11931467056274,273.8392996788025
5,sg-cgan,0,5,3,200,0,0.0,175.11931467056274,273.8392996788025
5,sg-cgan,0,5,4,200,87,0.435,175.11931467056274,273.8392996788025
5,sg-cgan,0,5,5,200,179,0.895,175.11931467056274,273.8392996788025
5,sg-cwgan,0,1,1,300,297,0.99,5.09695029258728,717.2516734600067
5,sg-cwgan,0,2,1,300,0,0.0,6.94360089302063,211.86388421058655
5,sg-cwgan,0,2,2,300,297,0.99,6.94360089302063,211.86388421058655
5,sg-cwgan,0,3,1,300,0,0.0,6.899752855300903,623.3831534385681
5,sg-cwgan,0,3,2,300,0,0.0,6.899752855300903,623.3831534385681
5,sg-cwgan,0,3,3,200,199,0.995,6.899752855300903,623.3831534385681
5,sg-cwgan,0,4,1,300,0,0.0,6.961629152297974,207.36054587364197
5,sg-cwgan,0,4,2,300,0,0.0,6.961629152297974,207.36054587364197
5,sg-cwgan,0,4,3,200,3,0.015,6.961629152297974,207.36054587364197
5,sg-cwgan,0,4,4,200,198,0.99,6.961629152297974,207.36054587364197
5,sg-cwgan,0,5,1,300,0,0.0,7.0040442943573,199.97523951530457
5,sg-cwgan,0,5,2,300,0,0.0,7.0040442943573,199.97523951530457
5,sg-cwgan,0,5,3,200,0,0.0,7.0040442943573,199.97523951530457
5,sg-cwgan,0,5,4,200,0,0.0,7.0040442943573,199.97523951530457
5,sg-cwgan,0,5,5,200,197,0.985,7.0040442943573,199.97523951530457
5,lwf,0,1,1,300,296,0.9866666666666667,2.5081260204315186,2.6226043701171875e-06
5,lwf,0,2,1,300,131,0.43666666666666665,3.1270055770874023,2.384185791015625e-06
5,lwf,0,2,2,300,297,0.99,3.1270055770874023,2.384185791015625e-06
5,lwf,0,3,1,300,0,0.0,3.113706588745117,2.384185791015625e-06
5,lwf,0,3,2,300,14,0.04666666666666667,3.113706588745117,2.384185791015625e-06
5,lwf,0,3,3,200,191,0.955,3.113706588745117,2.384185791015625e-06
5,lwf,0,4,1,300,0,0.0,3.1628024578094482,2.6226043701171875e-06
5,lwf,0,4,2,300,5,0.016666666666666666,3.1628024578094482,2.6226043701171875e-06
5,lwf,0,4,3,200,23,0.115,3.1628024578094482,2.6226043701171875e-06
5,lwf,0,4,4,200,197,0.985,3.1628024578094482,2.6226043701171875e-06
5,lwf,0,5,1,300,0,0.0,3.2166147232055664,2.6226043701171875e-06
5,lwf,0,5,2,300,1,0.0033333333333333335,3.2166147232055664,2.6226043701171875e-06
5,lwf,0,5,3,200,0,0.0,3.2166147232055664,2.6226043701171875e-06
5,lwf,0,5,4,200,8,0.04,3.2166147232055664,2.6226043701171875e-06
5,lwf,0,5,5,200,194,0.97,3.2166147232055664,2.6226043701171875e-06
5,ewc,0,1,1,300,295,0.9833333333333333,4.855644464492798,2.86102294921875e-06
5,ewc,0,2,1,300,0,0.0,5.067081451416016,3.5762786865234375e-06
5,ewc,0,2,2,300,297,0.99,5.067081451416016,3.5762786865234375e-06
5,ewc,0,3,1,300,0,0.0,5.066250562667847,2.6226043701171875e-06
5,ewc,0,3,2,300,0,0.0,5.066250562667847,2.6226043701171875e-06
5,ewc,0,3,3,200,198,0.99,5.066250562667847,2.6226043701171875e-06
5,ewc,0,4,1,300,0,0.0,5.091335296630859,2.384185791015625e-06
5,ewc,0,4,2,300,0,0.0,5.091335296630859,2.384185791015625e-06
5,ewc,0,4,3,200,0,0.0,5.091335296630859,2.384185791015625e-06
5,ewc,0,4,4,200,196,0.98,5.091335296630859,2.384185791015625e-06
5,ewc,0,5,1,300,0,0.0,5.084249258041382,3.5762786865234375e-06
5,ewc,0,5,2,300,0,0.0,5.084249258041382,3.5762786865234375e-06
5,ewc,0,5,3,200,0,0.0,5.084249258041382,3.5762786865234375e-06
5,ewc,0,5,4,200,0,0.0,5.084249258041382,3.5762786865234375e-06
5,ewc,0,5,5,200,197,0.985,5.084249258041382,3.5762786865234375e-06
6,offline,0,None,1,200,170,0.85,None,None
6,offline,0,None,2,250,183,0.732,None,None
6,offline,0,None,3,200,197,0.985,None,None
6,offline,0,None,4,250,232,0.928,None,None
6,offline,0,None,5,250,213,0.852,None,None
6,none,0,1,1,200,197,0.985,4.859501838684082,2.6226043701171875e-06
6,none,0,2,1,200,0,0.0,5.034088373184204,2.1457672119140625e-06
6,none,0,2,2,250,243,0.972,5.034088373184204,2.1457672119140625e-06
6,none,0,3,1,200,0,0.0,5.090062856674194,3.0994415283203125e-06
6,none,0,3,2,250,0,0.0,5.090062856674194,3.0994415283203125e-06
6,none,0,3,3,200,197,0.985,5.090062856674194,3.0994415283203125e-06
6,none,0,4,1,200,0,0.0,5.058436870574951,2.1457672119140625e-06
6,none,0,4,2,250,0,0.0,5.058436870574951,2.1457672119140625e-06
6,none,0,4,3,200,0,0.0,5.058436870574951,2.1457672119140625e-06
6,none,0,4,4,250,250,1.0,5.058436870574951,2.1457672119140625e-06
6,none,0,5,1,200,0,0.0,5.0447022914886475,2.384185791015625e-06
6,none,0,5,2,250,0,0.0,5.0447022914886475,2.384185791015625e-06
6,none,0,5,3,200,0,0.0,5.0447022914886475,2.384185791015625e-06
6,none,0,5,4,250,0,0.0,5.0447022914886475,2.384185791015625e-06
6,none,0,5,5,250,247,0.988,5.0447022914886475,2.384185791015625e-06
6,exact,0,1,1,200,197,0.985,4.880410194396973,1.9073486328125e-06
6,exact,0,2,1,200,191,0.955,6.706663608551025,3.0994415283203125e-06
6,exact,0,2,2,250,235,0.94,6.706663608551025,3.0994415283203125e-06
6,exact,0,3,1,200,191,0.955,6.7040159702301025,4.0531158447265625e-06
6,exact,0,3,2,250,236,0.944,6.7040159702301025,4.0531158447265625e-06
6,exact,0,3,3,200,195,0.975,6.7040159702301025,4.0531158447265625e-06
6,exact,0,4,1,200,161,0.805,6.938921928405762,2.384185791015625e-06
6,exact,0,4,2,250,230,0.92,6.938921928405762,2.384185791015625e-06
6,exact,0,4,3,200,194,0.97,6.938921928405762,2.384185791015625e-06
6,exact,0,4,4,250,246,0.984,6.938921928405762,2.384185791015625e-06
6,exact,0,5,1,200,187,0.935,6.806514263153076,3.337860107421875e-06
6,exact,0,5,2,250,234,0.936,6.806514263153076,3.337860107421875e-06
6,exact,0,5,3,200,194,0.97,6.806514263153076,3.337860107421875e-06
6,exact,0,5,4,250,231,0.924,6.806514263153076,3.337860107421875e-06
6,exact,0,5,5,250,214,0.856,6.806514263153076,3.337860107421875e-06
6,mp-gan,0,1,1,200,197,0.985,4.806472301483154,29.845988035202026
6,mp-gan,0,2,1,200,0,0.0,6.623728036880493,30.111262559890747
6,mp-gan,0,2,2,250,239,0.956,6.623728036880493,30.111262559890747
6,mp-gan,0,3,1,200,0,0.0,6.5921008586883545,29.996461868286133
6,mp-gan,0,3,2,250,182,0.728,6.5921008586883545,29.996461868286133
6,mp-gan,0,3,3,200,198,0.99,6.5921008586883545,29.996461868286133
6,mp-gan,0,4,1,200,0,0.0,6.658795356750488,30.14947199821472
6,mp-gan,0,4,2,250,88,0.352,6.658795356750488,30.14947199821472
6,mp-gan,0,4,3,200,133,0.665,6.658795356750488,30.14947199821472
6,mp-gan,0,4,4,250,247,0.988,6.658795356750488,30.14947199821472
6,mp-gan,0,5,1,200,0,0.0,6.663546085357666,30.00749707221985
6,mp-gan,0,5,2,250,7,0.028,6.663546085357666,30.00749707221985
6,mp-gan,0,5,3,200,101,0.505,6.663546085357666,30.00749707221985
6,mp-gan,0,5,4,250,76,0.304,6.663546085357666,30.00749707221985
6,mp-gan,0,5,5,250,248,0.992,6.663546085357666,30.00749707221985
6,mp-wgan,0,1,1,200,197,0.985,4.826850652694702,51.58836770057678
6,mp-wgan,0,2,1,200,0,0.0,6.710803031921387,51.569445848464966
6,mp-wgan,0,2,2,250,239,0.956,6.710803031921387,51.569445848464966
6,mp-wgan,0,3,1,200,0,0.0,6.94185733795166,51.58390760421753
6,mp-wgan,0,3,2,250,43,0.172,6.94185733795166,51.58390760421753
6,mp-wgan,0,3,3,200,198,0.99,6.94185733795166,51.58390760421753
6,mp-wgan,0,4,1,200,0,0.0,6.645735502243042,51.375701665878296
6,mp-wgan,0,4,2,250,0,0.0,6.645735502243042,51.375701665878296
6,mp-wgan,0,4,3,200,21,0.105,6.645735502243042,51.375701665878296
6,mp-wgan,0,4,4,250,250,1.0,6.645735502243042,51.375701665878296
6,mp-wgan,0,5,1,200,0,0.0,6.670708417892456,52.54370999336243
6,mp-wgan,0,5,2,250,0,0.0,6.670708417892456,52.54370999336243
6,mp-wgan,0,5,3,200,21,0.105,6.670708417892456,52.54370999336243
6,mp-wgan,0,5,4,250,12,0.048,6.670708417892456,52.54370999336243
6,mp-wgan,0,5,5,250,248,0.992,6.670708417892456,52.54370999336243
6,sg-cgan,0,1,1,200,199,0.995,4.86054801940918,63.1628360748291
6,sg-cgan,0,2,1,200,0,0.0,6.757267951965332,128.06424474716187
6,sg-cgan,0,2,2,250,243,0.972,6.757267951965332,128.06424474716187
6,sg-cgan,0,3,1,200,0,0.0,6.779849290847778,127.06181406974792
6,sg-cgan,0,3,2,250,143,0.572,6.779849290847778,127.06181406974792
6,sg-cgan,0,3,3,200,197,0.985,6.779849290847778,127.06181406974792
6,sg-cgan,0,4,1,200,0,0.0,6.710153579711914,125.83741497993469
6,sg-cgan,0,4,2,250,49,0.196,6.710153579711914,125.83741497993469
6,sg-cgan,0,4,3,200,102,0.51,6.710153579711914,125.83741497993469
6,sg-cgan,0,4,4,250,249,0.996,6.710153579711914,125.83741497993469
6,sg-cgan,0,5,1,200,0,0.0,6.8918657302856445,126.74953484535217
6,sg-cgan,0,5,2,250,0,0.0,6.8918657302856445,126.74953484535217
6,sg-cgan,0,5,3,200,58,0.29,6.8918657302856445,126.74953484535217
6,sg-cgan,0,5,4,250,64,0.256,6.8918657302856445,126.74953484535217
6,sg-cgan,0,5,5,250,248,0.992,6.8918657302856445,126.74953484535217
6,sg-cwgan,0,1,1,200,198,0.99,4.87703800201416,100.96293187141418
6,sg-cwgan,0,2,1,200,28,0.14,6.747613430023193,213.10467910766602
6,sg-cwgan,0,2,2,250,242,0.968,6.747613430023193,213.10467910766602
6,sg-cwgan,0,3,1,200,0,0.0,6.967690944671631,213.78718090057373
6,sg-cwgan,0,3,2,250,166,0.664,6.967690944671631,213.78718090057373
6,sg-cwgan,0,3,3,200,196,0.98,6.967690944671631,213.78718090057373
6,sg-cwgan,0,4,1,200,0,0.0,6.901219844818115,213.21641445159912
6,sg-cwgan,0,4,2,250,0,0.0,6.901219844818115,213.21641445159912
6,sg-cwgan,0,4,3,200,0,0.0,6.901219844818115,213.21641445159912
6,sg-cwgan,0,4,4,250,248,0.992,6.901219844818115,213.21641445159912
6,sg-cwgan,0,5,1,200,0,0.0,6.925074338912964,212.95912528038025
6,sg-cwgan,0,5,2,250,0,0.0,6.925074338912964,212.95912528038025
6,sg-cwgan,0,5,3,200,0,0.0,6.925074338912964,212.95912528038025
6,sg-cwgan,0,5,4,250,0,0.0,6.925074338912964,212.95912528038025
6,sg-cwgan,0,5,5,250,247,0.988,6.925074338912964,212.95912528038025
6,lwf,0,1,1,200,197,0.985,2.646106243133545,2.384185791015625e-06
6,lwf,0,2,1,200,6,0.03,3.2871248722076416,2.1457672119140625e-06
6,lwf,0,2,2,250,243,0.972,3.2871248722076416,2.1457672119140625e-06
6,lwf,0,3,1,200,0,0.0,3.285902500152588,3.0994415283203125e-06
6,lwf,0,3,2,250,128,0.512,3.285902500152588,3.0994415283203125e-06
6,lwf,0,3,3,200,198,0.99,3.285902500152588,3.0994415283203125e-06
6,lwf,0,4,1,200,0,0.0,3.25852370262146,2.1457672119140625e-06
6,lwf,0,4,2,250,57,0.228,3.25852370262146,2.1457672119140625e-06
6,lwf,0,4,3,200,0,0.0,3.25852370262146,2.1457672119140625e-06
6,lwf,0,4,4,250,250,1.0,3.25852370262146,2.1457672119140625e-06
6,lwf,0,5,1,200,0,0.0,3.320974588394165,2.1457672119140625e-06
6,lwf,0,5,2,250,0,0.0,3.320974588394165,2.1457672119140625e-06
6,lwf,0,5,3,200,8,0.04,3.320974588394165,2.1457672119140625e-06
6,lwf,0,5,4,250,169,0.676,3.320974588394165,2.1457672119140625e-06
6,lwf,0,5,5,250,245,0.98,3.320974588394165,2.1457672119140625e-06
6,ewc,0,1,1,200,197,0.985,5.083537817001343,4.0531158447265625e-06
6,ewc,0,2,1,200,0,0.0,5.276832342147827,2.6226043701171875e-06
6,ewc,0,2,2,250,243,0.972,5.276832342147827,2.6226043701171875e-06
6,ewc,0,3,1,200,0,0.0,5.316827297210693,2.86102294921875e-06
6,ewc,0,3,2,250,0,0.0,5.316827297210693,2.86102294921875e-06
6,ewc,0,3,3,200,197,0.985,5.316827297210693,2.86102294921875e-06
6,ewc,0,4,1,200,0,0.0,5.309647798538208,2.6226043701171875e-06
6,ewc,0,4,2,250,0,0.0,5.309647798538208,2.6226043701171875e-06
6,ewc,0,4,3,200,0,0.0,5.309647798538208,2.6226043701171875e-06
6,ewc,0,4,4,250,250,1.0,5.309647798538208,2.6226043701171875e-06
6,ewc,0,5,1,200,0,0.0,5.317478179931641,2.6226043701171875e-06
6,ewc,0,5,2,250,0,0.0,5.317478179931641,2.6226043701171875e-06
6,ewc,0,5,3,200,0,0.0,5.317478179931641,2.6226043701171875e-06
6,ewc,0,5,4,250,0,0.0,5.317478179931641,2.6226043701171875e-06
6,ewc,0,5,5,250,247,0.988,5.317478179931641,2.6226043701171875e-06
7,offline,0,None,1,150,144,0.96,None,None
7,offline,0,None,2,200,102,0.51,None,None
7,offline,0,None,3,200,189,0.945,None,None
7,offline,0,None,4,300,141,0.47,None,None
7,offline,0,None,5,300,244,0.8133333333333334,None,None
7,none,0,1,1,150,147,0.98,5.079013824462891,3.0994415283203125e-06
7,none,0,2,1,150,0,0.0,5.324315071105957,2.1457672119140625e-06
7,none,0,2,2,200,200,1.0,5.324315071105957,2.1457672119140625e-06
7,none,0,3,1,150,0,0.0,5.343228101730347,2.384185791015625e-06
7,none,0,3,2,200,0,0.0,5.343228101730347,2.384185791015625e-06
7,none,0,3,3,200,199,0.995,5.343228101730347,2.384185791015625e-06
7,none,0,4,1,150,0,0.0,5.320711135864258,3.0994415283203125e-06
7,none,0,4,2,200,0,0.0,5.320711135864258,3.0994415283203125e-06
7,none,0,4,3,200,0,0.0,5.320711135864258,3.0994415283203125e-06
7,none,0,4,4,300,299,0.9966666666666667,5.320711135864258,3.0994415283203125e-06
7,none,0,5,1,150,0,0.0,5.363674640655518,1.9073486328125e-06
7,none,0,5,2,200,0,0.0,5.363674640655518,1.9073486328125e-06
7,none,0,5,3,200,0,0.0,5.363674640655518,1.9073486328125e-06
7,none,0,5,4,300,0,0.0,5.363674640655518,1.9073486328125e-06
7,none,0,5,5,300,292,0.9733333333333334,5.363674640655518,1.9073486328125e-06
7,exact,0,1,1,150,147,0.98,5.132775545120239,2.1457672119140625e-06
7,exact,0,2,1,150,141,0.94,6.986440658569336,2.86102294921875e-06
7,exact,0,2,2,200,199,0.995,6.986440658569336,2.86102294921875e-06
7,exact,0,3,1,150,143,0.9533333333333334,7.280447959899902,2.384185791015625e-06
7,exact,0,3,2,200,196,0.98,7.280447959899902,2.384185791015625e-06
7,exact,0,3,3,200,196,0.98,7.280447959899902,2.384185791015625e-06
7,exact,0,4,1,150,137,0.9133333333333333,7.096171855926514,2.86102294921875e-06
7,exact,0,4,2,200,168,0.84,7.096171855926514,2.86102294921875e-06
7,exact,0,4,3,200,192,0.96,7.096171855926514,2.86102294921875e-06
7,exact,0,4,4,300,298,0.9933333333333333,7.096171855926514,2.86102294921875e-06
7,exact,0,5,1,150,138,0.92,6.974191904067993,2.6226043701171875e-06
7,exact,0,5,2,200,161,0.805,6.974191904067993,2.6226043701171875e-06
7,exact,0,5,3,200,189,0.945,6.974191904067993,2.6226043701171875e-06
7,exact,0,5,4,300,259,0.8633333333333333,6.974191904067993,2.6226043701171875e-06
7,exact,0,5,5,300,288,0.96,6.974191904067993,2.6226043701171875e-06
7,mp-gan,0,1,1,150,147,0.98,5.0468854904174805,31.66428804397583
7,mp-gan,0,2,1,150,0,0.0,6.995794773101807,31.738452196121216
7,mp-gan,0,2,2,200,200,1.0,6.995794773101807,31.738452196121216
7,mp-gan,0,3,1,150,4,0.02666666666666667,7.004650115966797,31.75663423538208
7,mp-gan,0,3,2,200,31,0.155,7.004650115966797,31.75663423538208
7,mp-gan,0,3,3,200,198,0.99,7.004650115966797,31.75663423538208
7,mp-gan,0,4,1,150,0,0.0,7.0290491580963135,31.82581615447998
7,mp-gan,0,4,2,200,1,0.005,7.0290491580963135,31.82581615447998
7,mp-gan,0,4,3,200,62,0.31,7.0290491580963135,31.82581615447998
7,mp-gan,0,4,4,300,299,0.9966666666666667,7.0290491580963135,31.82581615447998
7,mp-gan,0,5,1,150,0,0.0,7.015105247497559,30.59865951538086
7,mp-gan,0,5,2,200,32,0.16,7.015105247497559,30.59865951538086
7,mp-gan,0,5,3,200,117,0.585,7.015105247497559,30.59865951538086
7,mp-gan,0,5,4,300,157,0.5233333333333333,7.015105247497559,30.59865951538086
7,mp-gan,0,5,5,300,292,0.9733333333333334,7.015105247497559,30.59865951538086
7,mp-wgan,0,1,1,150,146,0.9733333333333334,4.968499183654785,54.42203879356384
7,mp-wgan,0,2,1,150,0,0.0,6.98869252204895,55.042375802993774
7,mp-wgan,0,2,2,200,200,1.0,6.98869252204895,55.042375802993774
7,mp-wgan,0,3,1,150,0,0.0,7.050525665283203,54.18562316894531
7,mp-wgan,0,3,2,200,0,0.0,7.050525665283203,54.18562316894531
7,mp-wgan,0,3,3,200,197,0.985,7.050525665283203,54.18562316894531
7,mp-wgan,0,4,1,150,0,0.0,7.0153114795684814,54.391475677490234
7,mp-wgan,0,4,2,200,0,0.0,7.0153114795684814,54.391475677490234
7,mp-wgan,0,4,3,200,17,0.085,7.0153114795684814,54.391475677490234
7,mp-wgan,0,4,4,300,299,0.9966666666666667,7.0153114795684814,54.391475677490234
7,mp-wgan,0,5,1,150,0,0.0,7.0277345180511475,54.31904649734497
7,mp-wgan,0,5,2,200,0,0.0,7.0277345180511475,54.31904649734497
7,mp-wgan,0,5,3,200,0,0.0,7.0277345180511475,54.31904649734497
7,mp-wgan,0,5,4,300,75,0.25,7.0277345180511475,54.31904649734497
7,mp-wgan,0,5,5,300,288,0.96,7.0277345180511475,54.31904649734497
7,sg-cgan,0,1,1,150,146,0.9733333333333334,5.062370538711548,67.17812466621399
7,sg-cgan,0,2,1,150,76,0.5066666666666667,6.994418621063232,134.70342659950256
7,sg-cgan,0,2,2,200,192,0.96,6.994418621063232,134.70342659950256
7,sg-cgan,0,3,1,150,90,0.6,7.050931930541992,138.22575545310974
7,sg-cgan,0,3,2,200,37,0.185,7.050931930541992,138.22575545310974
7,sg-cgan,0,3,3,200,198,0.99,7.050931930541992,138.22575545310974
7,sg-cgan,0,4,1,150,58,0.38666666666666666,7.051793098449707,132.73614597320557
7,sg-cgan,0,4,2,200,0,0.0,7.051793098449707,132.73614597320557
7,sg-cgan,0,4,3,200,14,0.07,7.051793098449707,132.73614597320557
7,sg-cgan,0,4,4,300,299,0.9966666666666667,7.051793098449707,132.73614597320557
7,sg-cgan,0,5,1,150,0,0.0,7.0477681159973145,132.92897987365723
7,sg-cgan,0,5,2,200,0,0.0,7.0477681159973145,132.92897987365723
7,sg-cgan,0,5,3,200,64,0.32,7.0477681159973145,132.92897987365723
7,sg-cgan,0,5,4,300,127,0.42333333333333334,7.0477681159973145,132.92897987365723
7,sg-cgan,0,5,5,300,290,0.9666666666666667,7.0477681159973145,132.92897987365723
7,sg-cwgan,0,1,1,150,146,0.9733333333333334,5.096226692199707,107.7301287651062
7,sg-cwgan,0,2,1,150,81,0.54,7.032368183135986,212.26158928871155
7,sg-cwgan,0,2,2,200,200,1.0,7.032368183135986,212.26158928871155
7,sg-cwgan,0,3,1,150,88,0.5866666666666667,7.002415418624878,213.68129205703735
7,sg-cwgan,0,3,2,200,0,0.0,7.002415418624878,213.68129205703735
7,sg-cwgan,0,3,3,200,197,0.985,7.002415418624878,213.68129205703735
7,sg-cwgan,0,4,1,150,85,0.5666666666666667,6.8686511516571045,212.9831418991089
7,sg-cwgan,0,4,2,200,0,0.0,6.8686511516571045,212.9831418991089
7,sg-cwgan,0,4,3,200,0,0.0,6.8686511516571045,212.9831418991089
7,sg-cwgan,0,4,4,300,299,0.9966666666666667,6.8686511516571045,212.9831418991089
7,sg-cwgan,0,5,1,150,11,0.07333333333333333,6.988325357437134,212.9089059829712
7,sg-cwgan,0,5,2,200,0,0.0,6.988325357437134,212.9089059829712
7,sg-cwgan,0,5,3,200,0,0.0,6.988325357437134,212.9089059829712
7,sg-cwgan,0,5,4,300,121,0.4033333333333333,6.988325357437134,212.9089059829712
7,sg-cwgan,0,5,5,300,292,0.9733333333333334,6.988325357437134,212.9089059829712
7,lwf,0,1,1,150,146,0.9733333333333334,2.6462857723236084,2.384185791015625e-06
7,lwf,0,2,1,150,1,0.006666666666666667,3.290625810623169,2.6226043701171875e-06
7,lwf,0,2,2,200,195,0.975,3.290625810623169,2.6226043701171875e-06
7,lwf,0,3,1,150,0,0.0,3.3192555904388428,2.1457672119140625e-06
7,lwf,0,3,2,200,68,0.34,3.3192555904388428,2.1457672119140625e-06
7,lwf,0,3,3,200,194,0.97,3.3192555904388428,2.1457672119140625e-06
7,lwf,0,4,1,150,0,0.0,3.242891788482666,2.6226043701171875e-06
7,lwf,0,4,2,200,0,0.0,3.242891788482666,2.6226043701171875e-06
7,lwf,0,4,3,200,1,0.005,3.242891788482666,2.6226043701171875e-06
7,lwf,0,4,4,300,300,1.0,3.242891788482666,2.6226043701171875e-06
7,lwf,0,5,1,150,0,0.0,3.338589906692505,2.384185791015625e-06
7,lwf,0,5,2,200,0,0.0,3.338589906692505,2.384185791015625e-06
7,lwf,0,5,3,200,0,0.0,3.338589906692505,2.384185791015625e-06
7,lwf,0,5,4,300,231,0.77,3.338589906692505,2.384185791015625e-06
7,lwf,0,5,5,300,273,0.91,3.338589906692505,2.384185791015625e-06
7,ewc,0,1,1,150,147,0.98,5.1035990715026855,2.86102294921875e-06
7,ewc,0,2,1,150,0,0.0,5.441112041473389,2.384185791015625e-06
7,ewc,0,2,2,200,200,1.0,5.441112041473389,2.384185791015625e-06
7,ewc,0,3,1,150,0,0.0,5.6179749965667725,2.384185791015625e-06
7,ewc,0,3,2,200,0,0.0,5.6179749965667725,2.384185791015625e-06
7,ewc,0,3,3,200,199,0.995,5.6179749965667725,2.384185791015625e-06
7,ewc,0,4,1,150,0,0.0,5.427053213119507,2.384185791015625e-06
7,ewc,0,4,2,200,0,0.0,5.427053213119507,2.384185791015625e-06
7,ewc,0,4,3,200,0,0.0,5.427053213119507,2.384185791015625e-06
7,ewc,0,4,4,300,299,0.9966666666666667,5.427053213119507,2.384185791015625e-06
7,ewc,0,5,1,150,0,0.0,5.317279100418091,2.6226043701171875e-06
7,ewc,0,5,2,200,0,0.0,5.317279100418091,2.6226043701171875e-06
7,ewc,0,5,3,200,0,0.0,5.317279100418091,2.6226043701171875e-06
7,ewc,0,5,4,300,0,0.0,5.317279100418091,2.6226043701171875e-06
7,ewc,0,5,5,300,292,0.9733333333333334,5.317279100418091,2.6226043701171875e-06
8,offline,0,None,1,300,171,0.57,None,None
8,offline,0,None,2,150,129,0.86,None,None
8,offline,0,None,3,200,192,0.96,None,None
8,offline,0,None,4,300,263,0.8766666666666667,None,None
8,offline,0,None,5,250,241,0.964,None,None
8,none,0,1,1,300,284,0.9466666666666667,5.069944143295288,2.6226043701171875e-06
8,none,0,2,1,300,0,0.0,5.342611312866211,2.1457672119140625e-06
8,none,0,2,2,150,144,0.96,5.342611312866211,2.1457672119140625e-06
8,none,0,3,1,300,0,0.0,5.3353776931762695,2.1457672119140625e-06
8,none,0,3,2,150,0,0.0,5.3353776931762695,2.1457672119140625e-06
8,none,0,3,3,200,199,0.995,5.3353776931762695,2.1457672119140625e-06
8,none,0,4,1,300,0,0.0,5.339529275894165,2.384185791015625e-06
8,none,0,4,2,150,0,0.0,5.339529275894165,2.384185791015625e-06
8,none,0,4,3,200,0,0.0,5.339529275894165,2.384185791015625e-06
8,none,0,4,4,300,277,0.9233333333333333,5.339529275894165,2.384185791015625e-06
8,none,0,5,1,300,0,0.0,5.329237699508667,2.1457672119140625e-06
8,none,0,5,2,150,0,0.0,5.329237699508667,2.1457672119140625e-06
8,none,0,5,3,200,0,0.0,5.329237699508667,2.1457672119140625e-06
8,none,0,5,4,300,0,0.0,5.329237699508667,2.1457672119140625e-06
8,none,0,5,5,250,249,0.996,5.329237699508667,2.1457672119140625e-06
8,exact,0,1,1,300,284,0.9466666666666667,5.126647710800171,2.6226043701171875e-06
8,exact,0,2,1,300,290,0.9666666666666667,7.060557126998901,2.384185791015625e-06
8,exact,0,2,2,150,145,0.9666666666666667,7.060557126998901,2.384185791015625e-06
8,exact,0,3,1,300,285,0.95,7.033700942993164,2.1457672119140625e-06
8,exact,0,3,2,150,146,0.9733333333333334,7.033700942993164,2.1457672119140625e-06
8,exact,0,3,3,200,177,0.885,7.033700942993164,2.1457672119140625e-06
8,exact,0,4,1,300,269,0.8966666666666666,7.0168304443359375,2.6226043701171875e-06
8,exact,0,4,2,150,145,0.9666666666666667,7.0168304443359375,2.6226043701171875e-06
8,exact,0,4,3,200,193,0.965,7.0168304443359375,2.6226043701171875e-06
8,exact,0,4,4,300,286,0.9533333333333334,7.0168304443359375,2.6226043701171875e-06
8,exact,0,5,1,300,273,0.91,7.020715236663818,2.1457672119140625e-06
8,exact,0,5,2,150,144,0.96,7.020715236663818,2.1457672119140625e-06
8,exact,0,5,3,200,197,0.985,7.020715236663818,2.1457672119140625e-06
8,exact,0,5,4,300,287,0.9566666666666667,7.020715236663818,2.1457672119140625e-06
8,exact,0,5,5,250,243,0.972,7.020715236663818,2.1457672119140625e-06
8,mp-gan,0,1,1,300,284,0.9466666666666667,5.096061944961548,31.76361107826233
8,mp-gan,0,2,1,300,14,0.04666666666666667,6.934349060058594,31.72760558128357
8,mp-gan,0,2,2,150,144,0.96,6.934349060058594,31.72760558128357
8,mp-gan,0,3,1,300,0,0.0,7.015049457550049,31.628843307495117
8,mp-gan,0,3,2,150,96,0.64,7.015049457550049,31.628843307495117
8,mp-gan,0,3,3,200,195,0.975,7.015049457550049,31.628843307495117
8,mp-gan,0,4,1,300,0,0.0,7.031479358673096,31.700620412826538
8,mp-gan,0,4,2,150,118,0.7866666666666666,7.031479358673096,31.700620412826538
8,mp-gan,0,4,3,200,158,0.79,7.031479358673096,31.700620412826538
8,mp-gan,0,4,4,300,293,0.9766666666666667,7.031479358673096,31.700620412826538
8,mp-gan,0,5,1,300,0,0.0,6.987637042999268,31.549851894378662
8,mp-gan,0,5,2,150,22,0.14666666666666667,6.987637042999268,31.549851894378662
8,mp-gan,0,5,3,200,148,0.74,6.987637042999268,31.549851894378662
8,mp-gan,0,5,4,300,175,0.5833333333333334,6.987637042999268,31.549851894378662
8,mp-gan,0,5,5,250,248,0.992,6.987637042999268,31.549851894378662
8,mp-wgan,0,1,1,300,284,0.9466666666666667,5.066143274307251,53.46835207939148
8,mp-wgan,0,2,1,300,0,0.0,6.708526611328125,51.83950233459473
8,mp-wgan,0,2,2,150,144,0.96,6.708526611328125,51.83950233459473
8,mp-wgan,0,3,1,300,0,0.0,6.656235456466675,51.588947772979736
8,mp-wgan,0,3,2,150,0,0.0,6.656235456466675,51.588947772979736
8,mp-wgan,0,3,3,200,198,0.99,6.656235456466675,51.588947772979736
8,mp-wgan,0,4,1,300,0,0.0,6.733874559402466,51.51382660865784
8,mp-wgan,0,4,2,150,0,0.0,6.733874559402466,51.51382660865784
8,mp-wgan,0,4,3,200,145,0.725,6.733874559402466,51.51382660865784
8,mp-wgan,0,4,4,300,287,0.9566666666666667,6.733874559402466,51.51382660865784
8,mp-wgan,0,5,1,300,0,0.0,6.781615495681763,51.966275453567505
8,mp-wgan,0,5,2,150,0,0.0,6.781615495681763,51.966275453567505
8,mp-wgan,0,5,3,200,1,0.005,6.781615495681763,51.966275453567505
8,mp-wgan,0,5,4,300,0,0.0,6.781615495681763,51.966275453567505
8,mp-wgan,0,5,5,250,246,0.984,6.781615495681763,51.966275453567505
8,sg-cgan,0,1,1,300,281,0.9366666666666666,4.878815174102783,64.095059633255
8,sg-cgan,0,2,1,300,49,0.16333333333333333,6.632070302963257,131.64482855796814
8,sg-cgan,0,2,2,150,147,0.98,6.632070302963257,131.64482855796814
8,sg-cgan,0,3,1,300,0,0.0,6.843367338180542,131.62659215927124
8,sg-cgan,0,3,2,150,39,0.26,6.843367338180542,131.62659215927124
8,sg-cgan,0,3,3,200,200,1.0,6.843367338180542,131.62659215927124
8,sg-cgan,0,4,1,300,0,0.0,6.877551794052124,128.08119225502014
8,sg-cgan,0,4,2,150,25,0.16666666666666666,6.877551794052124,128.08119225502014
8,sg-cgan,0,4,3,200,94,0.47,6.877551794052124,128.08119225502014
8,sg-cgan,0,4,4,300,292,0.9733333333333334,6.877551794052124,128.08119225502014
8,sg-cgan,0,5,1,300,0,0.0,6.891038656234741,128.86914467811584
8,sg-cgan,0,5,2,150,0,0.0,6.891038656234741,128.86914467811584
8,sg-cgan,0,5,3,200,0,0.0,6.891038656234741,128.86914467811584
8,sg-cgan,0,5,4,300,13,0.043333333333333335,6.891038656234741,128.86914467811584
8,sg-cgan,0,5,5,250,250,1.0,6.891038656234741,128.86914467811584
8,sg-cwgan,0,1,1,300,282,0.94,4.922327280044556,103.9708149433136
8,sg-cwgan,0,2,1,300,38,0.12666666666666668,6.910447835922241,203.8717782497406
8,sg-cwgan,0,2,2,150,144,0.96,6.910447835922241,203.8717782497406
8,sg-cwgan,0,3,1,300,0,0.0,6.937063217163086,207.45383429527283
8,sg-cwgan,0,3,2,150,0,0.0,6.937063217163086,207.45383429527283
8,sg-cwgan,0,3,3,200,199,0.995,6.937063217163086,207.45383429527283
8,sg-cwgan,0,4,1,300,0,0.0,6.689706087112427,200.8643651008606
8,sg-cwgan,0,4,2,150,0,0.0,6.689706087112427,200.8643651008606
8,sg-cwgan,0,4,3,200,0,0.0,6.689706087112427,200.8643651008606
8,sg-cwgan,0,4,4,300,286,0.9533333333333334,6.689706087112427,200.8643651008606
8,sg-cwgan,0,5,1,300,0,0.0,6.699158430099487,198.01241540908813
8,sg-cwgan,0,5,2,150,0,0.0,6.699158430099487,198.01241540908813
8,sg-cwgan,0,5,3,200,0,0.0,6.699158430099487,198.01241540908813
8,sg-cwgan,0,5,4,300,0,0.0,6.699158430099487,198.01241540908813
8,sg-cwgan,0,5,5,250,248,0.992,6.699158430099487,198.01241540908813
8,lwf,0,1,1,300,285,0.95,2.4686527252197266,2.6226043701171875e-06
8,lwf,0,2,1,300,51,0.17,3.0879781246185303,2.86102294921875e-06
8,lwf,0,2,2,150,143,0.9533333333333334,3.0879781246185303,2.86102294921875e-06
8,lwf,0,3,1,300,0,0.0,3.092062473297119,2.384185791015625e-06
8,lwf,0,3,2,150,77,0.5133333333333333,3.092062473297119,2.384185791015625e-06
8,lwf,0,3,3,200,199,0.995,3.092062473297119,2.384185791015625e-06
8,lwf,0,4,1,300,0,0.0,3.0673623085021973,2.6226043701171875e-06
8,lwf,0,4,2,150,0,0.0,3.0673623085021973,2.6226043701171875e-06
8,lwf,0,4,3,200,117,0.585,3.0673623085021973,2.6226043701171875e-06
8,lwf,0,4,4,300,278,0.9266666666666666,3.0673623085021973,2.6226043701171875e-06
8,lwf,0,5,1,300,0,0.0,3.0976827144622803,2.1457672119140625e-06
8,lwf,0,5,2,150,0,0.0,3.0976827144622803,2.1457672119140625e-06
8,lwf,0,5,3,200,1,0.005,3.0976827144622803,2.1457672119140625e-06
8,lwf,0,5,4,300,209,0.6966666666666667,3.0976827144622803,2.1457672119140625e-06
8,lwf,0,5,5,250,243,0.972,3.0976827144622803,2.1457672119140625e-06
8,ewc,0,1,1,300,284,0.9466666666666667,4.708738803863525,2.1457672119140625e-06
8,ewc,0,2,1,300,0,0.0,4.922922134399414,2.1457672119140625e-06
8,ewc,0,2,2,150,144,0.96,4.922922134399414,2.1457672119140625e-06
8,ewc,0,3,1,300,0,0.0,4.895183801651001,2.86102294921875e-06
8,ewc,0,3,2,150,0,0.0,4.895183801651001,2.86102294921875e-06
8,ewc,0,3,3,200,199,0.995,4.895183801651001,2.86102294921875e-06
8,ewc,0,4,1,300,0,0.0,5.150213956832886,3.5762786865234375e-06
8,ewc,0,4,2,150,0,0.0,5.150213956832886,3.5762786865234375e-06
8,ewc,0,4,3,200,0,0.0,5.150213956832886,3.5762786865234375e-06
8,ewc,0,4,4,300,277,0.9233333333333333,5.150213956832886,3.5762786865234375e-06
8,ewc,0,5,1,300,0,0.0,5.207576751708984,4.0531158447265625e-06
8,ewc,0,5,2,150,0,0.0,5.207576751708984,4.0531158447265625e-06
8,ewc,0,5,3,200,0,0.0,5.207576751708984,4.0531158447265625e-06
8,ewc,0,5,4,300,0,0.0,5.207576751708984,4.0531158447265625e-06
8,ewc,0,5,5,250,249,0.996,5.207576751708984,4.0531158447265625e-06
9,offline,0,None,1,250,216,0.864,None,None
9,offline,0,None,2,300,291,0.97,None,None
9,offline,0,None,3,300,168,0.56,None,None
9,offline,0,None,4,200,147,0.735,None,None
9,offline,0,None,5,150,146,0.9733333333333334,None,None
9,none,0,1,1,250,245,0.98,4.699127674102783,2.384185791015625e-06
9,none,0,2,1,250,0,0.0,4.942001104354858,2.86102294921875e-06
9,none,0,2,2,300,298,0.9933333333333333,4.942001104354858,2.86102294921875e-06
9,none,0,3,1,250,0,0.0,5.12173318862915,2.1457672119140625e-06
9,none,0,3,2,300,0,0.0,5.12173318862915,2.1457672119140625e-06
9,none,0,3,3,300,298,0.9933333333333333,5.12173318862915,2.1457672119140625e-06
9,none,0,4,1,250,0,0.0,4.973618030548096,2.6226043701171875e-06
9,none,0,4,2,300,0,0.0,4.973618030548096,2.6226043701171875e-06
9,none,0,4,3,300,0,0.0,4.973618030548096,2.6226043701171875e-06
9,none,0,4,4,200,196,0.98,4.973618030548096,2.6226043701171875e-06
9,none,0,5,1,250,0,0.0,4.952984809875488,2.86102294921875e-06
9,none,0,5,2,300,0,0.0,4.952984809875488,2.86102294921875e-06
9,none,0,5,3,300,0,0.0,4.952984809875488,2.86102294921875e-06
9,none,0,5,4,200,0,0.0,4.952984809875488,2.86102294921875e-06
9,none,0,5,5,150,148,0.9866666666666667,4.952984809875488,2.86102294921875e-06
9,exact,0,1,1,250,245,0.98,4.817726135253906,2.384185791015625e-06
9,exact,0,2,1,250,244,0.976,6.5452234745025635,2.6226043701171875e-06
9,exact,0,2,2,300,291,0.97,6.5452234745025635,2.6226043701171875e-06
9,exact,0,3,1,250,225,0.9,6.485172510147095,2.384185791015625e-06
9,exact,0,3,2,300,293,0.9766666666666667,6.485172510147095,2.384185791015625e-06
9,exact,0,3,3,300,281,0.9366666666666666,6.485172510147095,2.384185791015625e-06
9,exact,0,4,1,250,192,0.768,6.507450819015503,2.384185791015625e-06
9,exact,0,4,2,300,290,0.9666666666666667,6.507450819015503,2.384185791015625e-06
9,exact,0,4,3,300,282,0.94,6.507450819015503,2.384185791015625e-06
9,exact,0,4,4,200,182,0.91,6.507450819015503,2.384185791015625e-06
9,exact,0,5,1,250,224,0.896,6.535492420196533,2.384185791015625e-06
9,exact,0,5,2,300,291,0.97,6.535492420196533,2.384185791015625e-06
9,exact,0,5,3,300,270,0.9,6.535492420196533,2.384185791015625e-06
9,exact,0,5,4,200,181,0.905,6.535492420196533,2.384185791015625e-06
9,exact,0,5,5,150,147,0.98,6.535492420196533,2.384185791015625e-06
9,mp-gan,0,1,1,250,245,0.98,5.168976068496704,295.2557923793793
9,mp-gan,0,2,1,250,1,0.004,6.483628988265991,29.272603511810303
9,mp-gan,0,2,2,300,297,0.99,6.483628988265991,29.272603511810303
9,mp-gan,0,3,1,250,0,0.0,6.54850435256958,29.34356713294983
9,mp-gan,0,3,2,300,179,0.5966666666666667,6.54850435256958,29.34356713294983
9,mp-gan,0,3,3,300,295,0.9833333333333333,6.54850435256958,29.34356713294983
9,mp-gan,0,4,1,250,0,0.0,6.589523553848267,29.185206174850464
9,mp-gan,0,4,2,300,88,0.29333333333333333,6.589523553848267,29.185206174850464
9,mp-gan,0,4,3,300,140,0.4666666666666667,6.589523553848267,29.185206174850464
9,mp-gan,0,4,4,200,196,0.98,6.589523553848267,29.185206174850464
9,mp-gan,0,5,1,250,0,0.0,6.557867765426636,29.12383198738098
9,mp-gan,0,5,2,300,85,0.2833333333333333,6.557867765426636,29.12383198738098
9,mp-gan,0,5,3,300,173,0.5766666666666667,6.557867765426636,29.12383198738098
9,mp-gan,0,5,4,200,64,0.32,6.557867765426636,29.12383198738098
9,mp-gan,0,5,5,150,150,1.0,6.557867765426636,29.12383198738098
9,mp-wgan,0,1,1,250,245,0.98,4.693354606628418,49.99209785461426
9,mp-wgan,0,2,1,250,0,0.0,23.074889421463013,51.37513828277588
9,mp-wgan,0,2,2,300,299,0.9966666666666667,23.074889421463013,51.37513828277588
9,mp-wgan,0,3,1,250,0,0.0,6.484094619750977,50.141077756881714
9,mp-wgan,0,3,2,300,167,0.5566666666666666,6.484094619750977,50.141077756881714
9,mp-wgan,0,3,3,300,296,0.9866666666666667,6.484094619750977,50.141077756881714
9,mp-wgan,0,4,1,250,0,0.0,6.515002965927124,49.95305919647217
9,mp-wgan,0,4,2,300,0,0.0,6.515002965927124,49.95305919647217
9,mp-wgan,0,4,3,300,115,0.38333333333333336,6.515002965927124,49.95305919647217
9,mp-wgan,0,4,4,200,197,0.985,6.515002965927124,49.95305919647217
9,mp-wgan,0,5,1,250,0,0.0,6.581538200378418,49.889902114868164
9,mp-wgan,0,5,2,300,0,0.0,6.581538200378418,49.889902114868164
9,mp-wgan,0,5,3,300,32,0.10666666666666667,6.581538200378418,49.889902114868164
9,mp-wgan,0,5,4,200,0,0.0,6.581538200378418,49.889902114868164
9,mp-wgan,0,5,5,150,148,0.9866666666666667,6.581538200378418,49.889902114868164
9,sg-cgan,0,1,1,250,244,0.976,4.695251941680908,61.17981696128845
9,sg-cgan,0,2,1,250,141,0.564,6.537095785140991,121.54936385154724
9,sg-cgan,0,2,2,300,298,0.9933333333333333,6.537095785140991,121.54936385154724
9,sg-cgan,0,3,1,250,88,0.352,6.645441055297852,126.67070817947388
9,sg-cgan,0,3,2,300,188,0.6266666666666667,6.645441055297852,126.67070817947388
9,sg-cgan,0,3,3,300,300,1.0,6.645441055297852,126.67070817947388
9,sg-cgan,0,4,1,250,23,0.092,6.839527130126953,129.50150799751282
9,sg-cgan,0,4,2,300,16,0.05333333333333334,6.839527130126953,129.50150799751282
9,sg-cgan,0,4,3,300,205,0.6833333333333333,6.839527130126953,129.50150799751282
9,sg-cgan,0,4,4,200,196,0.98,6.839527130126953,129.50150799751282
9,sg-cgan,0,5,1,250,68,0.272,6.847299814224243,129.85965943336487
9,sg-cgan,0,5,2,300,11,0.03666666666666667,6.847299814224243,129.85965943336487
9,sg-cgan,0,5,3,300,171,0.57,6.847299814224243,129.85965943336487
9,sg-cgan,0,5,4,200,106,0.53,6.847299814224243,129.85965943336487
9,sg-cgan,0,5,5,150,148,0.9866666666666667,6.847299814224243,129.85965943336487
9,sg-cwgan,0,1,1,250,242,0.968,2.6682095527648926,103.7044415473938
9,sg-cwgan,0,2,1,250,204,0.816,26.221718549728394,194.2973186969757
9,sg-cwgan,0,2,2,300,294,0.98,26.221718549728394,194.2973186969757
9,sg-cwgan,0,3,1,250,87,0.348,4.863718032836914,194.7489676475525
9,sg-cwgan,0,3,2,300,194,0.6466666666666666,4.863718032836914,194.7489676475525
9,sg-cwgan,0,3,3,300,277,0.9233333333333333,4.863718032836914,194.7489676475525
9,sg-cwgan,0,4,1,250,65,0.26,5.228312730789185,195.44582867622375
9,sg-cwgan,0,4,2,300,10,0.03333333333333333,5.228312730789185,195.44582867622375
9,sg-cwgan,0,4,3,300,283,0.9433333333333334,5.228312730789185,195.44582867622375
9,sg-cwgan,0,4,4,200,193,0.965,5.228312730789185,195.44582867622375
9,sg-cwgan,0,5,1,250,35,0.14,4.9182727336883545,201.09042859077454
9,sg-cwgan,0,5,2,300,3,0.01,4.9182727336883545,201.09042859077454
9,sg-cwgan,0,5,3,300,175,0.5833333333333334,4.9182727336883545,201.09042859077454
9,sg-cwgan,0,5,4,200,171,0.855,4.9182727336883545,201.09042859077454
9,sg-cwgan,0,5,5,150,76,0.5066666666666667,4.9182727336883545,201.09042859077454
9,lwf,0,1,1,250,245,0.98,2.521798849105835,2.6226043701171875e-06
9,lwf,0,2,1,250,171,0.684,3.1590490341186523,2.384185791015625e-06
9,lwf,0,2,2,300,294,0.98,3.1590490341186523,2.384185791015625e-06
9,lwf,0,3,1,250,3,0.012,3.1652021408081055,2.1457672119140625e-06
9,lwf,0,3,2,300,147,0.49,3.1652021408081055,2.1457672119140625e-06
9,lwf,0,3,3,300,296,0.9866666666666667,3.1652021408081055,2.1457672119140625e-06
9,lwf,0,4,1,250,0,0.0,3.1551871299743652,2.384185791015625e-06
9,lwf,0,4,2,300,1,0.0033333333333333335,3.1551871299743652,2.384185791015625e-06
9,lwf,0,4,3,300,138,0.46,3.1551871299743652,2.384185791015625e-06
9,lwf,0,4,4,200,196,0.98,3.1551871299743652,2.384185791015625e-06
9,lwf,0,5,1,250,0,0.0,3.2041823863983154,1.6689300537109375e-06
9,lwf,0,5,2,300,0,0.0,3.2041823863983154,1.6689300537109375e-06
9,lwf,0,5,3,300,34,0.11333333333333333,3.2041823863983154,1.6689300537109375e-06
9,lwf,0,5,4,200,175,0.875,3.2041823863983154,1.6689300537109375e-06
9,lwf,0,5,5,150,118,0.7866666666666666,3.2041823863983154,1.6689300537109375e-06
9,ewc,0,1,1,250,245,0.98,4.88419771194458,2.86102294921875e-06
9,ewc,0,2,1,250,0,0.0,5.155601263046265,2.1457672119140625e-06
9,ewc,0,2,2,300,298,0.9933333333333333,5.155601263046265,2.1457672119140625e-06
9,ewc,0,3,1,250,0,0.0,5.126718521118164,3.0994415283203125e-06
9,ewc,0,3,2,300,0,0.0,5.126718521118164,3.0994415283203125e-06
9,ewc,0,3,3,300,298,0.9933333333333333,5.126718521118164,3.0994415283203125e-06
9,ewc,0,4,1,250,0,0.0,5.151772499084473,2.384185791015625e-06
9,ewc,0,4,2,300,0,0.0,5.151772499084473,2.384185791015625e-06
9,ewc,0,4,3,300,0,0.0,5.151772499084473,2.384185791015625e-06
9,ewc,0,4,4,200,196,0.98,5.151772499084473,2.384185791015625e-06
9,ewc,0,5,1,250,0,0.0,5.198255777359009,3.0994415283203125e-06
9,ewc,0,5,2,300,0,0.0,5.198255777359009,3.0994415283203125e-06
9,ewc,0,5,3,300,0,0.0,5.198255777359009,3.0994415283203125e-06
9,ewc,0,5,4,200,0,0.0,5.198255777359009,3.0994415283203125e-06
9,ewc,0,5,5,150,148,0.9866666666666667,5.198255777359009,3.0994415283203125e-06
