task_order, method, cmd, train_session, task_index, no_of_test, no_of_correct_prediction, accuracy, solver_training_time, generator_training_time
0,offline,0,None,1,24,19,0.7916666666666666,None,None
0,offline,0,None,2,38,32,0.8421052631578947,None,None
0,offline,0,None,3,35,34,0.9714285714285714,None,None
0,sg-cgan,0,1,1,24,24,1.0,5.388593435287476,130.07429146766663
0,sg-cgan,0,2,1,24,14,0.5833333333333334,9.183448314666748,268.2489290237427
0,sg-cgan,0,2,2,38,38,1.0,9.183448314666748,268.2489290237427
0,sg-cgan,0,3,1,24,14,0.5833333333333334,9.747941255569458,287.38876461982727
0,sg-cgan,0,3,2,38,31,0.8157894736842105,9.747941255569458,287.38876461982727
0,sg-cgan,0,3,3,35,35,1.0,9.747941255569458,287.38876461982727
0,sg-cwgan,0,1,1,24,24,1.0,5.280278205871582,186.88050198554993
0,sg-cwgan,0,2,1,24,17,0.7083333333333334,8.053311109542847,406.8143813610077
0,sg-cwgan,0,2,2,38,38,1.0,8.053311109542847,406.8143813610077
0,sg-cwgan,0,3,1,24,22,0.9166666666666666,10.590686559677124,426.6716091632843
0,sg-cwgan,0,3,2,38,25,0.6578947368421053,10.590686559677124,426.6716091632843
0,sg-cwgan,0,3,3,35,35,1.0,10.590686559677124,426.6716091632843
0,offline,1,3,1,24,19,0.7916666666666666,9.747941255569458,287.38876461982727
0,offline,1,3,2,38,32,0.8421052631578947,9.747941255569458,287.38876461982727
0,offline,1,3,3,35,34,0.9714285714285714,9.747941255569458,287.38876461982727
0,sg-cgan,1,1,1,24,24,1.0,7.058130741119385,148.3025643825531
0,sg-cgan,1,2,1,24,14,0.5833333333333334,9.852662801742554,292.39937114715576
0,sg-cgan,1,2,2,38,38,1.0,9.852662801742554,292.39937114715576
0,sg-cgan,1,3,1,24,14,0.5833333333333334,10.314563035964966,288.4010593891144
0,sg-cgan,1,3,2,38,31,0.8157894736842105,10.314563035964966,288.4010593891144
0,sg-cgan,1,3,3,35,35,1.0,10.314563035964966,288.4010593891144
0,sg-cwgan,1,1,1,24,24,1.0,7.02521824836731,216.31049704551697
0,sg-cwgan,1,2,1,24,17,0.7083333333333334,10.104986429214478,431.51434326171875
0,sg-cwgan,1,2,2,38,38,1.0,10.104986429214478,431.51434326171875
0,sg-cwgan,1,3,1,24,22,0.9166666666666666,9.332563400268555,429.58641171455383
0,sg-cwgan,1,3,2,38,25,0.6578947368421053,9.332563400268555,429.58641171455383
0,sg-cwgan,1,3,3,35,35,1.0,9.332563400268555,429.58641171455383
0,offline,2,3,1,24,19,0.7916666666666666,10.314563035964966,288.4010593891144
0,offline,2,3,2,38,32,0.8421052631578947,10.314563035964966,288.4010593891144
0,offline,2,3,3,35,34,0.9714285714285714,10.314563035964966,288.4010593891144
0,sg-cgan,2,1,1,24,24,1.0,7.037186622619629,148.67257523536682
0,sg-cgan,2,2,1,24,14,0.5833333333333334,10.258577585220337,293.790650844574
0,sg-cgan,2,2,2,38,38,1.0,10.258577585220337,293.790650844574
0,sg-cgan,2,3,1,24,14,0.5833333333333334,10.154853582382202,289.951913356781
0,sg-cgan,2,3,2,38,31,0.8157894736842105,10.154853582382202,289.951913356781
0,sg-cgan,2,3,3,35,35,1.0,10.154853582382202,289.951913356781
0,sg-cwgan,2,1,1,24,24,1.0,7.055139064788818,216.7520489692688
0,sg-cwgan,2,2,1,24,17,0.7083333333333334,9.001932144165039,431.8380346298218
0,sg-cwgan,2,2,2,38,38,1.0,9.001932144165039,431.8380346298218
0,sg-cwgan,2,3,1,24,22,0.9166666666666666,9.25705623626709,426.41556119918823
0,sg-cwgan,2,3,2,38,25,0.6578947368421053,9.25705623626709,426.41556119918823
0,sg-cwgan,2,3,3,35,35,1.0,9.25705623626709,426.41556119918823
0,offline,3,3,1,24,19,0.7916666666666666,10.154853582382202,289.951913356781
0,offline,3,3,2,38,32,0.8421052631578947,10.154853582382202,289.951913356781
0,offline,3,3,3,35,34,0.9714285714285714,10.154853582382202,289.951913356781
0,sg-cgan,3,1,1,24,24,1.0,7.417172908782959,149.04269528388977
0,sg-cgan,3,2,1,24,17,0.7083333333333334,10.717349529266357,290.8976638317108
0,sg-cgan,3,2,2,38,38,1.0,10.717349529266357,290.8976638317108
0,sg-cgan,3,3,1,24,17,0.7083333333333334,9.708048343658447,289.328631401062
0,sg-cgan,3,3,2,38,31,0.8157894736842105,9.708048343658447,289.328631401062
0,sg-cgan,3,3,3,35,35,1.0,9.708048343658447,289.328631401062
0,sg-cwgan,3,1,1,24,24,1.0,7.3746559619903564,218.49426293373108
0,sg-cwgan,3,2,1,24,13,0.5416666666666666,9.54271388053894,436.2960629463196
0,sg-cwgan,3,2,2,38,37,0.9736842105263158,9.54271388053894,436.2960629463196
0,sg-cwgan,3,3,1,24,17,0.7083333333333334,9.898479700088501,434.3327419757843
0,sg-cwgan,3,3,2,38,31,0.8157894736842105,9.898479700088501,434.3327419757843
0,sg-cwgan,3,3,3,35,35,1.0,9.898479700088501,434.3327419757843
0,offline,4,3,1,24,19,0.7916666666666666,9.708048343658447,289.328631401062
0,offline,4,3,2,38,32,0.8421052631578947,9.708048343658447,289.328631401062
0,offline,4,3,3,35,34,0.9714285714285714,9.708048343658447,289.328631401062
0,sg-cgan,4,1,1,24,24,1.0,7.09004545211792,148.7982382774353
0,sg-cgan,4,2,1,24,14,0.5833333333333334,11.355645179748535,289.9229898452759
0,sg-cgan,4,2,2,38,38,1.0,11.355645179748535,289.9229898452759
0,sg-cgan,4,3,1,24,14,0.5833333333333334,10.158843278884888,289.917599439621
0,sg-cgan,4,3,2,38,37,0.9736842105263158,10.158843278884888,289.917599439621
0,sg-cgan,4,3,3,35,19,0.5428571428571428,10.158843278884888,289.917599439621
0,sg-cwgan,4,1,1,24,24,1.0,6.982298374176025,217.41157245635986
0,sg-cwgan,4,2,1,24,17,0.7083333333333334,11.07366394996643,431.50484919548035
0,sg-cwgan,4,2,2,38,38,1.0,11.07366394996643,431.50484919548035
0,sg-cwgan,4,3,1,24,17,0.7083333333333334,10.18617844581604,428.0631904602051
0,sg-cwgan,4,3,2,38,37,0.9736842105263158,10.18617844581604,428.0631904602051
0,sg-cwgan,4,3,3,35,19,0.5428571428571428,10.18617844581604,428.0631904602051
0,offline,5,3,1,24,19,0.7916666666666666,10.158843278884888,289.917599439621
0,offline,5,3,2,38,32,0.8421052631578947,10.158843278884888,289.917599439621
0,offline,5,3,3,35,34,0.9714285714285714,10.158843278884888,289.917599439621
0,sg-cgan,5,1,1,24,24,1.0,7.045166730880737,150.94150948524475
0,sg-cgan,5,2,1,24,13,0.5416666666666666,9.167482852935791,295.3215594291687
0,sg-cgan,5,2,2,38,38,1.0,9.167482852935791,295.3215594291687
0,sg-cgan,5,3,1,24,16,0.6666666666666666,9.374940156936646,293.49145126342773
0,sg-cgan,5,3,2,38,18,0.47368421052631576,9.374940156936646,293.49145126342773
0,sg-cgan,5,3,3,35,35,1.0,9.374940156936646,293.49145126342773
0,sg-cwgan,5,1,1,24,24,1.0,6.924818992614746,222.43250966072083
0,sg-cwgan,5,2,1,24,17,0.7083333333333334,8.954129219055176,3133.2441942691803
0,sg-cwgan,5,2,2,38,38,1.0,8.954129219055176,3133.2441942691803
0,sg-cwgan,5,3,1,24,17,0.7083333333333334,8.188467979431152,394.4751892089844
0,sg-cwgan,5,3,2,38,31,0.8157894736842105,8.188467979431152,394.4751892089844
0,sg-cwgan,5,3,3,35,35,1.0,8.188467979431152,394.4751892089844
0,offline,6,3,1,24,19,0.7916666666666666,9.374940156936646,293.49145126342773
0,offline,6,3,2,38,32,0.8421052631578947,9.374940156936646,293.49145126342773
0,offline,6,3,3,35,34,0.9714285714285714,9.374940156936646,293.49145126342773
0,sg-cgan,6,1,1,24,24,1.0,7.009263038635254,150.98240065574646
0,sg-cgan,6,2,1,24,13,0.5416666666666666,10.23663592338562,295.1849241256714
0,sg-cgan,6,2,2,38,38,1.0,10.23663592338562,295.1849241256714
0,sg-cgan,6,3,1,24,16,0.6666666666666666,10.281514644622803,291.96154165267944
0,sg-cgan,6,3,2,38,36,0.9473684210526315,10.281514644622803,291.96154165267944
0,sg-cgan,6,3,3,35,20,0.5714285714285714,10.281514644622803,291.96154165267944
0,sg-cwgan,6,1,1,24,24,1.0,6.886672735214233,218.16742849349976
0,sg-cwgan,6,2,1,24,17,0.7083333333333334,10.035162448883057,428.899897813797
0,sg-cwgan,6,2,2,38,38,1.0,10.035162448883057,428.899897813797
0,sg-cwgan,6,3,1,24,17,0.7083333333333334,10.31143307685852,429.25607800483704
0,sg-cwgan,6,3,2,38,37,0.9736842105263158,10.31143307685852,429.25607800483704
0,sg-cwgan,6,3,3,35,19,0.5428571428571428,10.31143307685852,429.25607800483704
1,offline,0,None,1,33,32,0.9696969696969697,None,None
1,offline,0,None,2,26,24,0.9230769230769231,None,None
1,offline,0,None,3,38,32,0.8421052631578947,None,None
1,sg-cgan,0,1,1,33,33,1.0,7.3992204666137695,150.92256021499634
1,sg-cgan,0,2,1,33,33,1.0,9.488632917404175,293.1922516822815
1,sg-cgan,0,2,2,26,26,1.0,9.488632917404175,293.1922516822815
1,sg-cgan,0,3,1,33,32,0.9696969696969697,9.205389738082886,289.2593677043915
1,sg-cgan,0,3,2,26,15,0.5769230769230769,9.205389738082886,289.2593677043915
1,sg-cgan,0,3,3,38,31,0.8157894736842105,9.205389738082886,289.2593677043915
1,sg-cwgan,0,1,1,33,33,1.0,7.562595367431641,220.61293363571167
1,sg-cwgan,0,2,1,33,33,1.0,10.189758777618408,430.98975133895874
1,sg-cwgan,0,2,2,26,26,1.0,10.189758777618408,430.98975133895874
1,sg-cwgan,0,3,1,33,32,0.9696969696969697,10.040654182434082,432.0037989616394
1,sg-cwgan,0,3,2,26,0,0.0,10.040654182434082,432.0037989616394
1,sg-cwgan,0,3,3,38,37,0.9736842105263158,10.040654182434082,432.0037989616394
1,offline,1,3,1,33,32,0.9696969696969697,9.205389738082886,289.2593677043915
1,offline,1,3,2,26,24,0.9230769230769231,9.205389738082886,289.2593677043915
1,offline,1,3,3,38,32,0.8421052631578947,9.205389738082886,289.2593677043915
1,sg-cgan,1,1,1,33,33,1.0,7.371294736862183,150.32515788078308
1,sg-cgan,1,2,1,33,33,1.0,9.593355178833008,297.3112404346466
1,sg-cgan,1,2,2,26,26,1.0,9.593355178833008,297.3112404346466
1,sg-cgan,1,3,1,33,32,0.9696969696969697,9.219347953796387,289.50123739242554
1,sg-cgan,1,3,2,26,15,0.5769230769230769,9.219347953796387,289.50123739242554
1,sg-cgan,1,3,3,38,31,0.8157894736842105,9.219347953796387,289.50123739242554
1,sg-cwgan,1,1,1,33,33,1.0,7.338383197784424,220.8623971939087
1,sg-cwgan,1,2,1,33,33,1.0,10.348334789276123,430.51273798942566
1,sg-cwgan,1,2,2,26,26,1.0,10.348334789276123,430.51273798942566
1,sg-cwgan,1,3,1,33,32,0.9696969696969697,9.386391162872314,432.9405086040497
1,sg-cwgan,1,3,2,26,0,0.0,9.386391162872314,432.9405086040497
1,sg-cwgan,1,3,3,38,37,0.9736842105263158,9.386391162872314,432.9405086040497
1,offline,2,3,1,33,32,0.9696969696969697,9.219347953796387,289.50123739242554
1,offline,2,3,2,26,24,0.9230769230769231,9.219347953796387,289.50123739242554
1,offline,2,3,3,38,32,0.8421052631578947,9.219347953796387,289.50123739242554
1,sg-cgan,2,1,1,33,33,1.0,7.341375112533569,150.88665628433228
1,sg-cgan,2,2,1,33,33,1.0,10.188762187957764,295.4512128829956
1,sg-cgan,2,2,2,26,26,1.0,10.188762187957764,295.4512128829956
1,sg-cgan,2,3,1,33,32,0.9696969696969697,9.30911636352539,288.2654209136963
1,sg-cgan,2,3,2,26,15,0.5769230769230769,9.30911636352539,288.2654209136963
1,sg-cgan,2,3,3,38,31,0.8157894736842105,9.30911636352539,288.2654209136963
1,sg-cwgan,2,1,1,33,33,1.0,7.746202230453491,226.1550030708313
1,sg-cwgan,2,2,1,33,33,1.0,9.461407899856567,431.31397461891174
1,sg-cwgan,2,2,2,26,26,1.0,9.461407899856567,431.31397461891174
1,sg-cwgan,2,3,1,33,32,0.9696969696969697,9.317461013793945,431.6672372817993
1,sg-cwgan,2,3,2,26,0,0.0,9.317461013793945,431.6672372817993
1,sg-cwgan,2,3,3,38,37,0.9736842105263158,9.317461013793945,431.6672372817993
1,offline,3,3,1,33,32,0.9696969696969697,9.30911636352539,288.2654209136963
1,offline,3,3,2,26,24,0.9230769230769231,9.30911636352539,288.2654209136963
1,offline,3,3,3,38,32,0.8421052631578947,9.30911636352539,288.2654209136963
1,sg-cgan,3,1,1,33,33,1.0,7.803141355514526,149.8215036392212
1,sg-cgan,3,2,1,33,33,1.0,10.543814659118652,290.44958233833313
1,sg-cgan,3,2,2,26,26,1.0,10.543814659118652,290.44958233833313
1,sg-cgan,3,3,1,33,32,0.9696969696969697,9.78484296798706,290.0905430316925
1,sg-cgan,3,3,2,26,15,0.5769230769230769,9.78484296798706,290.0905430316925
1,sg-cgan,3,3,3,38,32,0.8421052631578947,9.78484296798706,290.0905430316925
1,sg-cwgan,3,1,1,33,33,1.0,7.709391355514526,219.95602464675903
1,sg-cwgan,3,2,1,33,0,0.0,10.265556812286377,430.57996129989624
1,sg-cwgan,3,2,2,26,26,1.0,10.265556812286377,430.57996129989624
1,sg-cwgan,3,3,1,33,0,0.0,10.251959323883057,432.66467237472534
1,sg-cwgan,3,3,2,26,0,0.0,10.251959323883057,432.66467237472534
1,sg-cwgan,3,3,3,38,38,1.0,10.251959323883057,432.66467237472534
1,offline,4,3,1,33,32,0.9696969696969697,9.78484296798706,290.0905430316925
1,offline,4,3,2,26,24,0.9230769230769231,9.78484296798706,290.0905430316925
1,offline,4,3,3,38,32,0.8421052631578947,9.78484296798706,290.0905430316925
1,sg-cgan,4,1,1,33,33,1.0,7.343369245529175,150.34311056137085
1,sg-cgan,4,2,1,33,33,1.0,10.593681335449219,294.06691312789917
1,sg-cgan,4,2,2,26,26,1.0,10.593681335449219,294.06691312789917
1,sg-cgan,4,3,1,33,32,0.9696969696969697,10.207711458206177,289.70121574401855
1,sg-cgan,4,3,2,26,18,0.6923076923076923,10.207711458206177,289.70121574401855
1,sg-cgan,4,3,3,38,31,0.8157894736842105,10.207711458206177,289.70121574401855
1,sg-cwgan,4,1,1,33,33,1.0,7.3722898960113525,221.48674297332764
1,sg-cwgan,4,2,1,33,33,1.0,10.664489030838013,431.44123101234436
1,sg-cwgan,4,2,2,26,26,1.0,10.664489030838013,431.44123101234436
1,sg-cwgan,4,3,1,33,32,0.9696969696969697,10.196459531784058,432.12337827682495
1,sg-cwgan,4,3,2,26,15,0.5769230769230769,10.196459531784058,432.12337827682495
1,sg-cwgan,4,3,3,38,33,0.868421052631579,10.196459531784058,432.12337827682495
1,offline,5,3,1,33,32,0.9696969696969697,10.207711458206177,289.70121574401855
1,offline,5,3,2,26,24,0.9230769230769231,10.207711458206177,289.70121574401855
1,offline,5,3,3,38,32,0.8421052631578947,10.207711458206177,289.70121574401855
1,sg-cgan,5,1,1,33,33,1.0,7.350350618362427,151.62268924713135
1,sg-cgan,5,2,1,33,33,1.0,9.531520128250122,293.9183111190796
1,sg-cgan,5,2,2,26,26,1.0,9.531520128250122,293.9183111190796
1,sg-cgan,5,3,1,33,32,0.9696969696969697,9.230324268341064,291.6882724761963
1,sg-cgan,5,3,2,26,17,0.6538461538461539,9.230324268341064,291.6882724761963
1,sg-cgan,5,3,3,38,33,0.868421052631579,9.230324268341064,291.6882724761963
1,sg-cwgan,5,1,1,33,33,1.0,7.379716873168945,221.926682472229
1,sg-cwgan,5,2,1,33,33,1.0,9.690559148788452,432.5279498100281
1,sg-cwgan,5,2,2,26,26,1.0,9.690559148788452,432.5279498100281
1,sg-cwgan,5,3,1,33,32,0.9696969696969697,9.231527328491211,432.93278408050537
1,sg-cwgan,5,3,2,26,0,0.0,9.231527328491211,432.93278408050537
1,sg-cwgan,5,3,3,38,37,0.9736842105263158,9.231527328491211,432.93278408050537
1,offline,6,3,1,33,32,0.9696969696969697,9.230324268341064,291.6882724761963
1,offline,6,3,2,26,24,0.9230769230769231,9.230324268341064,291.6882724761963
1,offline,6,3,3,38,32,0.8421052631578947,9.230324268341064,291.6882724761963
1,sg-cgan,6,1,1,33,33,1.0,7.703408718109131,152.0585219860077
1,sg-cgan,6,2,1,33,33,1.0,10.523867130279541,295.2079267501831
1,sg-cgan,6,2,2,26,26,1.0,10.523867130279541,295.2079267501831
1,sg-cgan,6,3,1,33,32,0.9696969696969697,10.047144174575806,291.773042678833
1,sg-cgan,6,3,2,26,23,0.8846153846153846,10.047144174575806,291.773042678833
1,sg-cgan,6,3,3,38,31,0.8157894736842105,10.047144174575806,291.773042678833
1,sg-cwgan,6,1,1,33,33,1.0,7.410717248916626,220.99474263191223
1,sg-cwgan,6,2,1,33,33,1.0,10.497730016708374,432.968252658844
1,sg-cwgan,6,2,2,26,26,1.0,10.497730016708374,432.968252658844
1,sg-cwgan,6,3,1,33,32,0.9696969696969697,10.051721096038818,432.22581458091736
1,sg-cwgan,6,3,2,26,16,0.6153846153846154,10.051721096038818,432.22581458091736
1,sg-cwgan,6,3,3,38,31,0.8157894736842105,10.051721096038818,432.22581458091736
2,offline,0,None,1,31,29,0.9354838709677419,None,None
2,offline,0,None,2,40,35,0.875,None,None
2,offline,0,None,3,26,18,0.6923076923076923,None,None
2,sg-cgan,0,1,1,31,31,1.0,7.13791823387146,149.71379137039185
2,sg-cgan,0,2,1,31,27,0.8709677419354839,9.037839412689209,292.0483100414276
2,sg-cgan,0,2,2,40,39,0.975,9.037839412689209,292.0483100414276
2,sg-cgan,0,3,1,31,23,0.7419354838709677,9.815760135650635,289.68263387680054
2,sg-cgan,0,3,2,40,35,0.875,9.815760135650635,289.68263387680054
2,sg-cgan,0,3,3,26,26,1.0,9.815760135650635,289.68263387680054
2,sg-cwgan,0,1,1,31,31,1.0,5.568115234375,188.87308025360107
2,sg-cwgan,0,2,1,31,0,0.0,8.58105754852295,392.4388825893402
2,sg-cwgan,0,2,2,40,39,0.975,8.58105754852295,392.4388825893402
2,sg-cwgan,0,3,1,31,0,0.0,8.85532546043396,426.51777815818787
2,sg-cwgan,0,3,2,40,27,0.675,8.85532546043396,426.51777815818787
2,sg-cwgan,0,3,3,26,26,1.0,8.85532546043396,426.51777815818787
2,offline,1,3,1,31,29,0.9354838709677419,9.815760135650635,289.68263387680054
2,offline,1,3,2,40,35,0.875,9.815760135650635,289.68263387680054
2,offline,1,3,3,26,18,0.6923076923076923,9.815760135650635,289.68263387680054
2,sg-cgan,1,1,1,31,31,1.0,7.185790300369263,149.97808527946472
2,sg-cgan,1,2,1,31,27,0.8709677419354839,9.112640857696533,292.3913917541504
2,sg-cgan,1,2,2,40,39,0.975,9.112640857696533,292.3913917541504
2,sg-cgan,1,3,1,31,23,0.7419354838709677,9.154528379440308,289.6367561817169
2,sg-cgan,1,3,2,40,35,0.875,9.154528379440308,289.6367561817169
2,sg-cgan,1,3,3,26,26,1.0,9.154528379440308,289.6367561817169
2,sg-cwgan,1,1,1,31,31,1.0,7.157864570617676,218.9147686958313
2,sg-cwgan,1,2,1,31,0,0.0,10.069082498550415,429.0400342941284
2,sg-cwgan,1,2,2,40,39,0.975,10.069082498550415,429.0400342941284
2,sg-cwgan,1,3,1,31,0,0.0,9.408846855163574,428.59721755981445
2,sg-cwgan,1,3,2,40,27,0.675,9.408846855163574,428.59721755981445
2,sg-cwgan,1,3,3,26,26,1.0,9.408846855163574,428.59721755981445
2,offline,2,3,1,31,29,0.9354838709677419,9.154528379440308,289.6367561817169
2,offline,2,3,2,40,35,0.875,9.154528379440308,289.6367561817169
2,offline,2,3,3,26,18,0.6923076923076923,9.154528379440308,289.6367561817169
2,sg-cgan,2,1,1,31,31,1.0,7.216709613800049,149.62303233146667
2,sg-cgan,2,2,1,31,27,0.8709677419354839,9.87460446357727,292.4073531627655
2,sg-cgan,2,2,2,40,39,0.975,9.87460446357727,292.4073531627655
2,sg-cgan,2,3,1,31,23,0.7419354838709677,9.093689203262329,289.5250542163849
2,sg-cgan,2,3,2,40,35,0.875,9.093689203262329,289.5250542163849
2,sg-cgan,2,3,3,26,26,1.0,9.093689203262329,289.5250542163849
2,sg-cwgan,2,1,1,31,31,1.0,7.151878118515015,219.7265989780426
2,sg-cwgan,2,2,1,31,0,0.0,9.996276378631592,433.4572262763977
2,sg-cwgan,2,2,2,40,39,0.975,9.996276378631592,433.4572262763977
2,sg-cwgan,2,3,1,31,0,0.0,9.136574268341064,429.1746745109558
2,sg-cwgan,2,3,2,40,27,0.675,9.136574268341064,429.1746745109558
2,sg-cwgan,2,3,3,26,26,1.0,9.136574268341064,429.1746745109558
2,offline,3,3,1,31,29,0.9354838709677419,9.093689203262329,289.5250542163849
2,offline,3,3,2,40,35,0.875,9.093689203262329,289.5250542163849
2,offline,3,3,3,26,18,0.6923076923076923,9.093689203262329,289.5250542163849
2,sg-cgan,3,1,1,31,31,1.0,7.54881739616394,149.75468254089355
2,sg-cgan,3,2,1,31,26,0.8387096774193549,11.06851840019226,293.1104702949524
2,sg-cgan,3,2,2,40,39,0.975,11.06851840019226,293.1104702949524
2,sg-cgan,3,3,1,31,21,0.6774193548387096,9.46968674659729,293.5118064880371
2,sg-cgan,3,3,2,40,20,0.5,9.46968674659729,293.5118064880371
2,sg-cgan,3,3,3,26,26,1.0,9.46968674659729,293.5118064880371
2,sg-cwgan,3,1,1,31,31,1.0,7.514909744262695,220.80172324180603
2,sg-cwgan,3,2,1,31,4,0.12903225806451613,10.320410251617432,436.11113119125366
2,sg-cwgan,3,2,2,40,39,0.975,10.320410251617432,436.11113119125366
2,sg-cwgan,3,3,1,31,23,0.7419354838709677,9.602329969406128,431.77472376823425
2,sg-cwgan,3,3,2,40,32,0.8,9.602329969406128,431.77472376823425
2,sg-cwgan,3,3,3,26,26,1.0,9.602329969406128,431.77472376823425
2,offline,4,3,1,31,29,0.9354838709677419,9.46968674659729,293.5118064880371
2,offline,4,3,2,40,35,0.875,9.46968674659729,293.5118064880371
2,offline,4,3,3,26,18,0.6923076923076923,9.46968674659729,293.5118064880371
2,sg-cgan,4,1,1,31,31,1.0,7.111988306045532,150.0259575843811
2,sg-cgan,4,2,1,31,28,0.9032258064516129,10.023209571838379,292.00043416023254
2,sg-cgan,4,2,2,40,35,0.875,10.023209571838379,292.00043416023254
2,sg-cgan,4,3,1,31,23,0.7419354838709677,10.132912635803223,288.64640402793884
2,sg-cgan,4,3,2,40,35,0.875,10.132912635803223,288.64640402793884
2,sg-cgan,4,3,3,26,25,0.9615384615384616,10.132912635803223,288.64640402793884
2,sg-cwgan,4,1,1,31,31,1.0,7.068103790283203,220.23324394226074
2,sg-cwgan,4,2,1,31,28,0.9032258064516129,11.044473886489868,432.34021258354187
2,sg-cwgan,4,2,2,40,35,0.875,11.044473886489868,432.34021258354187
2,sg-cwgan,4,3,1,31,19,0.6129032258064516,10.54481053352356,431.32592272758484
2,sg-cwgan,4,3,2,40,35,0.875,10.54481053352356,431.32592272758484
2,sg-cwgan,4,3,3,26,26,1.0,10.54481053352356,431.32592272758484
2,offline,5,3,1,31,29,0.9354838709677419,10.132912635803223,288.64640402793884
2,offline,5,3,2,40,35,0.875,10.132912635803223,288.64640402793884
2,offline,5,3,3,26,18,0.6923076923076923,10.132912635803223,288.64640402793884
2,sg-cgan,5,1,1,31,31,1.0,7.153876304626465,150.63433146476746
2,sg-cgan,5,2,1,31,22,0.7096774193548387,9.193422794342041,295.19243717193604
2,sg-cgan,5,2,2,40,39,0.975,9.193422794342041,295.19243717193604
2,sg-cgan,5,3,1,31,21,0.6774193548387096,9.259250164031982,292.3814170360565
2,sg-cgan,5,3,2,40,34,0.85,9.259250164031982,292.3814170360565
2,sg-cgan,5,3,3,26,25,0.9615384615384616,9.259250164031982,292.3814170360565
2,sg-cwgan,5,1,1,31,31,1.0,7.109990835189819,223.1933310031891
2,sg-cwgan,5,2,1,31,1,0.03225806451612903,9.83570647239685,434.88441014289856
2,sg-cwgan,5,2,2,40,39,0.975,9.83570647239685,434.88441014289856
2,sg-cwgan,5,3,1,31,19,0.6129032258064516,9.211374282836914,433.4711890220642
2,sg-cwgan,5,3,2,40,31,0.775,9.211374282836914,433.4711890220642
2,sg-cwgan,5,3,3,26,26,1.0,9.211374282836914,433.4711890220642
2,offline,6,3,1,31,29,0.9354838709677419,9.259250164031982,292.3814170360565
2,offline,6,3,2,40,35,0.875,9.259250164031982,292.3814170360565
2,offline,6,3,3,26,18,0.6923076923076923,9.259250164031982,292.3814170360565
2,sg-cgan,6,1,1,31,31,1.0,7.164846181869507,150.64929127693176
2,sg-cgan,6,2,1,31,28,0.9032258064516129,9.990293264389038,295.58585381507874
2,sg-cgan,6,2,2,40,35,0.875,9.990293264389038,295.58585381507874
2,sg-cgan,6,3,1,31,21,0.6774193548387096,10.198753833770752,292.7444324493408
2,sg-cgan,6,3,2,40,35,0.875,10.198753833770752,292.7444324493408
2,sg-cgan,6,3,3,26,21,0.8076923076923077,10.198753833770752,292.7444324493408
2,sg-cwgan,6,1,1,31,31,1.0,7.109991550445557,222.54406690597534
2,sg-cwgan,6,2,1,31,21,0.6774193548387096,9.98929476737976,434.0296981334686
2,sg-cwgan,6,2,2,40,35,0.875,9.98929476737976,434.0296981334686
2,sg-cwgan,6,3,1,31,20,0.6451612903225806,10.193747520446777,434.34385657310486
2,sg-cwgan,6,3,2,40,35,0.875,10.193747520446777,434.34385657310486
2,sg-cwgan,6,3,3,26,25,0.9615384615384616,10.193747520446777,434.34385657310486
3,offline,0,None,1,28,28,1.0,None,None
3,offline,0,None,2,31,28,0.9032258064516129,None,None
3,offline,0,None,3,38,30,0.7894736842105263,None,None
3,sg-cgan,0,1,1,28,28,1.0,7.007268905639648,151.15493822097778
3,sg-cgan,0,2,1,28,28,1.0,9.581387042999268,292.8681182861328
3,sg-cgan,0,2,2,31,31,1.0,9.581387042999268,292.8681182861328
3,sg-cgan,0,3,1,28,28,1.0,9.285179853439331,289.9568991661072
3,sg-cgan,0,3,2,31,22,0.7096774193548387,9.285179853439331,289.9568991661072
3,sg-cgan,0,3,3,38,33,0.868421052631579,9.285179853439331,289.9568991661072
3,sg-cwgan,0,1,1,28,28,1.0,7.035189390182495,221.87685012817383
3,sg-cwgan,0,2,1,28,13,0.4642857142857143,9.63324761390686,434.8804202079773
3,sg-cwgan,0,2,2,31,31,1.0,9.63324761390686,434.8804202079773
3,sg-cwgan,0,3,1,28,13,0.4642857142857143,9.258249998092651,430.40339040756226
3,sg-cwgan,0,3,2,31,19,0.6129032258064516,9.258249998092651,430.40339040756226
3,sg-cwgan,0,3,3,38,37,0.9736842105263158,9.258249998092651,430.40339040756226
3,offline,1,3,1,28,28,1.0,9.285179853439331,289.9568991661072
3,offline,1,3,2,31,28,0.9032258064516129,9.285179853439331,289.9568991661072
3,offline,1,3,3,38,30,0.7894736842105263,9.285179853439331,289.9568991661072
3,sg-cgan,1,1,1,28,28,1.0,7.031203508377075,150.44583439826965
3,sg-cgan,1,2,1,28,28,1.0,9.647211074829102,293.1306850910187
3,sg-cgan,1,2,2,31,31,1.0,9.647211074829102,293.1306850910187
3,sg-cgan,1,3,1,28,28,1.0,9.313103675842285,289.4672095775604
3,sg-cgan,1,3,2,31,22,0.7096774193548387,9.313103675842285,289.4672095775604
3,sg-cgan,1,3,3,38,33,0.868421052631579,9.313103675842285,289.4672095775604
3,sg-cwgan,1,1,1,28,28,1.0,7.02521824836731,222.08728671073914
3,sg-cwgan,1,2,1,28,13,0.4642857142857143,10.274531841278076,442.11966013908386
3,sg-cwgan,1,2,2,31,31,1.0,10.274531841278076,442.11966013908386
3,sg-cwgan,1,3,1,28,13,0.4642857142857143,9.29016637802124,432.008097410202
3,sg-cwgan,1,3,2,31,19,0.6129032258064516,9.29016637802124,432.008097410202
3,sg-cwgan,1,3,3,38,37,0.9736842105263158,9.29016637802124,432.008097410202
3,offline,2,3,1,28,28,1.0,9.313103675842285,289.4672095775604
3,offline,2,3,2,31,28,0.9032258064516129,9.313103675842285,289.4672095775604
3,offline,2,3,3,38,30,0.7894736842105263,9.313103675842285,289.4672095775604
3,sg-cgan,2,1,1,28,28,1.0,6.996300220489502,150.38898539543152
3,sg-cgan,2,2,1,28,28,1.0,9.659175634384155,291.6394031047821
3,sg-cgan,2,2,2,31,31,1.0,9.659175634384155,291.6394031047821
3,sg-cgan,2,3,1,28,28,1.0,9.197412014007568,288.90271830558777
3,sg-cgan,2,3,2,31,22,0.7096774193548387,9.197412014007568,288.90271830558777
3,sg-cgan,2,3,3,38,33,0.868421052631579,9.197412014007568,288.90271830558777
3,sg-cwgan,2,1,1,28,28,1.0,7.113980531692505,223.24718689918518
3,sg-cwgan,2,2,1,28,13,0.4642857142857143,9.621278524398804,434.65701937675476
3,sg-cwgan,2,2,2,31,31,1.0,9.621278524398804,434.65701937675476
3,sg-cwgan,2,3,1,28,13,0.4642857142857143,9.153549909591675,431.9492359161377
3,sg-cwgan,2,3,2,31,19,0.6129032258064516,9.153549909591675,431.9492359161377
3,sg-cwgan,2,3,3,38,37,0.9736842105263158,9.153549909591675,431.9492359161377
3,offline,3,3,1,28,28,1.0,9.197412014007568,288.90271830558777
3,offline,3,3,2,31,28,0.9032258064516129,9.197412014007568,288.90271830558777
3,offline,3,3,3,38,30,0.7894736842105263,9.197412014007568,288.90271830558777
3,sg-cgan,3,1,1,28,28,1.0,7.354338645935059,150.7101287841797
3,sg-cgan,3,2,1,28,28,1.0,9.9105064868927,291.36812686920166
3,sg-cgan,3,2,2,31,30,0.967741935483871,9.9105064868927,291.36812686920166
3,sg-cgan,3,3,1,28,28,1.0,10.009243249893188,288.0809152126312
3,sg-cgan,3,3,2,31,19,0.6129032258064516,10.009243249893188,288.0809152126312
3,sg-cgan,3,3,3,38,31,0.8157894736842105,10.009243249893188,288.0809152126312
3,sg-cwgan,3,1,1,28,28,1.0,7.318434000015259,222.9749138355255
3,sg-cwgan,3,2,1,28,13,0.4642857142857143,10.497936487197876,431.7138855457306
3,sg-cwgan,3,2,2,31,30,0.967741935483871,10.497936487197876,431.7138855457306
3,sg-cwgan,3,3,1,28,13,0.4642857142857143,9.876594305038452,429.4389679431915
3,sg-cwgan,3,3,2,31,19,0.6129032258064516,9.876594305038452,429.4389679431915
3,sg-cwgan,3,3,3,38,37,0.9736842105263158,9.876594305038452,429.4389679431915
3,offline,4,3,1,28,28,1.0,10.009243249893188,288.0809152126312
3,offline,4,3,2,31,28,0.9032258064516129,10.009243249893188,288.0809152126312
3,offline,4,3,3,38,30,0.7894736842105263,10.009243249893188,288.0809152126312
3,sg-cgan,4,1,1,28,28,1.0,7.026218891143799,151.33046889305115
3,sg-cgan,4,2,1,28,28,1.0,10.294479846954346,291.2873432636261
3,sg-cgan,4,2,2,31,30,0.967741935483871,10.294479846954346,291.2873432636261
3,sg-cgan,4,3,1,28,28,1.0,10.095018148422241,299.20916414260864
3,sg-cgan,4,3,2,31,24,0.7741935483870968,10.095018148422241,299.20916414260864
3,sg-cgan,4,3,3,38,33,0.868421052631579,10.095018148422241,299.20916414260864
3,sg-cwgan,4,1,1,28,28,1.0,7.078078746795654,221.90477418899536
3,sg-cwgan,4,2,1,28,13,0.4642857142857143,10.606643676757812,436.16897678375244
3,sg-cwgan,4,2,2,31,30,0.967741935483871,10.606643676757812,436.16897678375244
3,sg-cwgan,4,3,1,28,13,0.4642857142857143,10.169819593429565,429.08191537857056
3,sg-cwgan,4,3,2,31,20,0.6451612903225806,10.169819593429565,429.08191537857056
3,sg-cwgan,4,3,3,38,30,0.7894736842105263,10.169819593429565,429.08191537857056
3,offline,5,3,1,28,28,1.0,10.095018148422241,299.20916414260864
3,offline,5,3,2,31,28,0.9032258064516129,10.095018148422241,299.20916414260864
3,offline,5,3,3,38,30,0.7894736842105263,10.095018148422241,299.20916414260864
3,sg-cgan,5,1,1,28,28,1.0,7.0551393032073975,151.67056155204773
3,sg-cgan,5,2,1,28,28,1.0,9.567424535751343,294.0734176635742
3,sg-cgan,5,2,2,31,30,0.967741935483871,9.567424535751343,294.0734176635742
3,sg-cgan,5,3,1,28,28,1.0,9.164500951766968,294.1447057723999
3,sg-cgan,5,3,2,31,19,0.6129032258064516,9.164500951766968,294.1447057723999
3,sg-cgan,5,3,3,38,32,0.8421052631578947,9.164500951766968,294.1447057723999
3,sg-cwgan,5,1,1,28,28,1.0,7.114979267120361,222.19499945640564
3,sg-cwgan,5,2,1,28,0,0.0,9.620282649993896,438.3132438659668
3,sg-cwgan,5,2,2,31,30,0.967741935483871,9.620282649993896,438.3132438659668
3,sg-cwgan,5,3,1,28,0,0.0,9.194419384002686,433.7185277938843
3,sg-cwgan,5,3,2,31,19,0.6129032258064516,9.194419384002686,433.7185277938843
3,sg-cwgan,5,3,3,38,37,0.9736842105263158,9.194419384002686,433.7185277938843
3,offline,6,3,1,28,28,1.0,9.164500951766968,294.1447057723999
3,offline,6,3,2,31,28,0.9032258064516129,9.164500951766968,294.1447057723999
3,offline,6,3,3,38,30,0.7894736842105263,9.164500951766968,294.1447057723999
3,sg-cgan,6,1,1,28,28,1.0,7.038187265396118,152.04156756401062
3,sg-cgan,6,2,1,28,28,1.0,11.132242441177368,294.2690169811249
3,sg-cgan,6,2,2,31,30,0.967741935483871,11.132242441177368,294.2690169811249
3,sg-cgan,6,3,1,28,28,1.0,10.193750143051147,294.2334680557251
3,sg-cgan,6,3,2,31,20,0.6451612903225806,10.193750143051147,294.2334680557251
3,sg-cgan,6,3,3,38,32,0.8421052631578947,10.193750143051147,294.2334680557251
3,sg-cwgan,6,1,1,28,28,1.0,7.103010654449463,222.95397067070007
3,sg-cwgan,6,2,1,28,0,0.0,11.091347694396973,437.94722294807434
3,sg-cwgan,6,2,2,31,30,0.967741935483871,11.091347694396973,437.94722294807434
3,sg-cwgan,6,3,1,28,0,0.0,10.115955591201782,432.29633045196533
3,sg-cwgan,6,3,2,31,21,0.6774193548387096,10.115955591201782,432.29633045196533
3,sg-cwgan,6,3,3,38,30,0.7894736842105263,10.115955591201782,432.29633045196533
4,offline,0,None,1,31,24,0.7741935483870968,None,None
4,offline,0,None,2,26,23,0.8846153846153846,None,None
4,offline,0,None,3,40,35,0.875,None,None
4,sg-cgan,0,1,1,31,31,1.0,7.083064794540405,149.70581316947937
4,sg-cgan,0,2,1,31,19,0.6129032258064516,9.433783054351807,291.6992425918579
4,sg-cgan,0,2,2,26,24,0.9230769230769231,9.433783054351807,291.6992425918579
4,sg-cgan,0,3,1,31,19,0.6129032258064516,9.589366674423218,293.39371275901794
4,sg-cgan,0,3,2,26,18,0.6923076923076923,9.589366674423218,293.39371275901794
4,sg-cgan,0,3,3,40,35,0.875,9.589366674423218,293.39371275901794
4,sg-cwgan,0,1,1,31,31,1.0,7.05513858795166,221.30238580703735
4,sg-cwgan,0,2,1,31,1,0.03225806451612903,10.55578088760376,432.71022272109985
4,sg-cwgan,0,2,2,26,26,1.0,10.55578088760376,432.71022272109985
4,sg-cwgan,0,3,1,31,0,0.0,9.63723635673523,433.6556963920593
4,sg-cwgan,0,3,2,26,1,0.038461538461538464,9.63723635673523,433.6556963920593
4,sg-cwgan,0,3,3,40,39,0.975,9.63723635673523,433.6556963920593
4,offline,1,3,1,31,24,0.7741935483870968,9.589366674423218,293.39371275901794
4,offline,1,3,2,26,23,0.8846153846153846,9.589366674423218,293.39371275901794
4,offline,1,3,3,40,35,0.875,9.589366674423218,293.39371275901794
4,sg-cgan,1,1,1,31,31,1.0,7.090047359466553,149.16525745391846
4,sg-cgan,1,2,1,31,19,0.6129032258064516,9.418821573257446,291.8558247089386
4,sg-cgan,1,2,2,26,24,0.9230769230769231,9.418821573257446,291.8558247089386
4,sg-cgan,1,3,1,31,19,0.6129032258064516,9.469682455062866,292.65668272972107
4,sg-cgan,1,3,2,26,18,0.6923076923076923,9.469682455062866,292.65668272972107
4,sg-cgan,1,3,3,40,35,0.875,9.469682455062866,292.65668272972107
4,sg-cwgan,1,1,1,31,31,1.0,7.0701003074646,220.29308366775513
4,sg-cwgan,1,2,1,31,20,0.6451612903225806,10.600661993026733,432.3731234073639
4,sg-cwgan,1,2,2,26,26,1.0,10.600661993026733,432.3731234073639
4,sg-cwgan,1,3,1,31,0,0.0,9.396878480911255,429.4200189113617
4,sg-cwgan,1,3,2,26,3,0.11538461538461539,9.396878480911255,429.4200189113617
4,sg-cwgan,1,3,3,40,39,0.975,9.396878480911255,429.4200189113617
4,offline,2,3,1,31,24,0.7741935483870968,9.469682455062866,292.65668272972107
4,offline,2,3,2,26,23,0.8846153846153846,9.469682455062866,292.65668272972107
4,offline,2,3,3,40,35,0.875,9.469682455062866,292.65668272972107
4,sg-cgan,2,1,1,31,31,1.0,7.137916564941406,149.8514232635498
4,sg-cgan,2,2,1,31,19,0.6129032258064516,10.319413185119629,290.6719882488251
4,sg-cgan,2,2,2,26,24,0.9230769230769231,10.319413185119629,290.6719882488251
4,sg-cgan,2,3,1,31,19,0.6129032258064516,9.603328704833984,291.74312353134155
4,sg-cgan,2,3,2,26,18,0.6923076923076923,9.603328704833984,291.74312353134155
4,sg-cgan,2,3,3,40,35,0.875,9.603328704833984,291.74312353134155
4,sg-cwgan,2,1,1,31,31,1.0,7.125947952270508,220.94733572006226
4,sg-cwgan,2,2,1,31,1,0.03225806451612903,10.513892412185669,433.510085105896
4,sg-cwgan,2,2,2,26,26,1.0,10.513892412185669,433.510085105896
4,sg-cwgan,2,3,1,31,0,0.0,9.45072054862976,432.4748523235321
4,sg-cwgan,2,3,2,26,1,0.038461538461538464,9.45072054862976,432.4748523235321
4,sg-cwgan,2,3,3,40,39,0.975,9.45072054862976,432.4748523235321
4,offline,3,3,1,31,24,0.7741935483870968,9.603328704833984,291.74312353134155
4,offline,3,3,2,26,23,0.8846153846153846,9.603328704833984,291.74312353134155
4,offline,3,3,3,40,35,0.875,9.603328704833984,291.74312353134155
4,sg-cgan,3,1,1,31,31,1.0,7.467041015625,151.10407304763794
4,sg-cgan,3,2,1,31,19,0.6129032258064516,10.431114196777344,293.13041710853577
4,sg-cgan,3,2,2,26,25,0.9615384615384616,10.431114196777344,293.13041710853577
4,sg-cgan,3,3,1,31,23,0.7419354838709677,10.052128791809082,293.7816755771637
4,sg-cgan,3,3,2,26,22,0.8461538461538461,10.052128791809082,293.7816755771637
4,sg-cgan,3,3,3,40,35,0.875,10.052128791809082,293.7816755771637
4,sg-cwgan,3,1,1,31,31,1.0,7.3882482051849365,224.0749740600586
4,sg-cwgan,3,2,1,31,19,0.6129032258064516,10.28849458694458,433.8790993690491
4,sg-cwgan,3,2,2,26,26,1.0,10.28849458694458,433.8790993690491
4,sg-cwgan,3,3,1,31,7,0.22580645161290322,9.905520677566528,432.4130165576935
4,sg-cwgan,3,3,2,26,1,0.038461538461538464,9.905520677566528,432.4130165576935
4,sg-cwgan,3,3,3,40,39,0.975,9.905520677566528,432.4130165576935
4,offline,4,3,1,31,24,0.7741935483870968,10.052128791809082,293.7816755771637
4,offline,4,3,2,26,23,0.8846153846153846,10.052128791809082,293.7816755771637
4,offline,4,3,3,40,35,0.875,10.052128791809082,293.7816755771637
4,sg-cgan,4,1,1,31,31,1.0,7.067107915878296,151.00234746932983
4,sg-cgan,4,2,1,31,20,0.6451612903225806,10.595675230026245,290.7831048965454
4,sg-cgan,4,2,2,26,24,0.9230769230769231,10.595675230026245,290.7831048965454
4,sg-cgan,4,3,1,31,20,0.6451612903225806,10.357312679290771,291.494841337204
4,sg-cgan,4,3,2,26,21,0.8076923076923077,10.357312679290771,291.494841337204
4,sg-cgan,4,3,3,40,22,0.55,10.357312679290771,291.494841337204
4,sg-cwgan,4,1,1,31,31,1.0,7.096029758453369,220.1933524608612
4,sg-cwgan,4,2,1,31,20,0.6451612903225806,10.597668409347534,430.42533254623413
4,sg-cwgan,4,2,2,26,26,1.0,10.597668409347534,430.42533254623413
4,sg-cwgan,4,3,1,31,19,0.6129032258064516,10.267550230026245,438.19258522987366
4,sg-cwgan,4,3,2,26,21,0.8076923076923077,10.267550230026245,438.19258522987366
4,sg-cwgan,4,3,3,40,30,0.75,10.267550230026245,438.19258522987366
4,offline,5,3,1,31,24,0.7741935483870968,10.357312679290771,291.494841337204
4,offline,5,3,2,26,23,0.8846153846153846,10.357312679290771,291.494841337204
4,offline,5,3,3,40,35,0.875,10.357312679290771,291.494841337204
4,sg-cgan,5,1,1,31,31,1.0,7.0601255893707275,151.50600147247314
4,sg-cgan,5,2,1,31,19,0.6129032258064516,9.334049701690674,294.5093274116516
4,sg-cgan,5,2,2,26,26,1.0,9.334049701690674,294.5093274116516
4,sg-cgan,5,3,1,31,20,0.6451612903225806,9.229328155517578,293.18527030944824
4,sg-cgan,5,3,2,26,16,0.6153846153846154,9.229328155517578,293.18527030944824
4,sg-cgan,5,3,3,40,35,0.875,9.229328155517578,293.18527030944824
4,sg-cwgan,5,1,1,31,31,1.0,7.24463415145874,222.1850244998932
4,sg-cwgan,5,2,1,31,19,0.6129032258064516,9.16350269317627,435.9455735683441
4,sg-cwgan,5,2,2,26,26,1.0,9.16350269317627,435.9455735683441
4,sg-cwgan,5,3,1,31,3,0.0967741935483871,9.30711817741394,433.32258558273315
4,sg-cwgan,5,3,2,26,5,0.19230769230769232,9.30711817741394,433.32258558273315
4,sg-cwgan,5,3,3,40,39,0.975,9.30711817741394,433.32258558273315
4,offline,6,3,1,31,24,0.7741935483870968,9.229328155517578,293.18527030944824
4,offline,6,3,2,26,23,0.8846153846153846,9.229328155517578,293.18527030944824
4,offline,6,3,3,40,35,0.875,9.229328155517578,293.18527030944824
4,sg-cgan,6,1,1,31,31,1.0,7.1698338985443115,151.73040080070496
4,sg-cgan,6,2,1,31,20,0.6451612903225806,11.030512809753418,296.61111307144165
4,sg-cgan,6,2,2,26,26,1.0,11.030512809753418,296.61111307144165
4,sg-cgan,6,3,1,31,19,0.6129032258064516,10.106982707977295,292.83121824264526
4,sg-cgan,6,3,2,26,22,0.8461538461538461,10.106982707977295,292.83121824264526
4,sg-cgan,6,3,3,40,17,0.425,10.106982707977295,292.83121824264526
4,sg-cwgan,6,1,1,31,31,1.0,7.064115524291992,221.02811861038208
4,sg-cwgan,6,2,1,31,20,0.6451612903225806,10.340357303619385,435.51173281669617
4,sg-cwgan,6,2,2,26,26,1.0,10.340357303619385,435.51173281669617
4,sg-cwgan,6,3,1,31,19,0.6129032258064516,10.36429238319397,435.6762933731079
4,sg-cwgan,6,3,2,26,24,0.9230769230769231,10.36429238319397,435.6762933731079
4,sg-cwgan,6,3,3,40,17,0.425,10.36429238319397,435.6762933731079
5,offline,0,None,1,26,18,0.6923076923076923,None,None
5,offline,0,None,2,33,32,0.9696969696969697,None,None
5,offline,0,None,3,38,32,0.8421052631578947,None,None
5,sg-cgan,0,1,1,26,26,1.0,6.942440748214722,149.5667097568512
5,sg-cgan,0,2,1,26,17,0.6538461538461539,9.297146081924438,294.47382521629333
5,sg-cgan,0,2,2,33,32,0.9696969696969697,9.297146081924438,294.47382521629333
5,sg-cgan,0,3,1,26,16,0.6153846153846154,9.156523942947388,288.6908097267151
5,sg-cgan,0,3,2,33,13,0.3939393939393939,9.156523942947388,288.6908097267151
5,sg-cgan,0,3,3,38,34,0.8947368421052632,9.156523942947388,288.6908097267151
5,sg-cwgan,0,1,1,26,26,1.0,6.828744649887085,219.2618408203125
5,sg-cwgan,0,2,1,26,19,0.7307692307692307,9.346013069152832,433.211882352829
5,sg-cwgan,0,2,2,33,33,1.0,9.346013069152832,433.211882352829
5,sg-cwgan,0,3,1,26,0,0.0,9.189433097839355,431.0356993675232
5,sg-cwgan,0,3,2,33,13,0.3939393939393939,9.189433097839355,431.0356993675232
5,sg-cwgan,0,3,3,38,38,1.0,9.189433097839355,431.0356993675232
5,offline,1,3,1,26,18,0.6923076923076923,9.156523942947388,288.6908097267151
5,offline,1,3,2,33,32,0.9696969696969697,9.156523942947388,288.6908097267151
5,offline,1,3,3,38,32,0.8421052631578947,9.156523942947388,288.6908097267151
5,sg-cgan,1,1,1,26,26,1.0,6.907534837722778,149.00967359542847
5,sg-cgan,1,2,1,26,17,0.6538461538461539,9.211375951766968,294.49078011512756
5,sg-cgan,1,2,2,33,32,0.9696969696969697,9.211375951766968,294.49078011512756
5,sg-cgan,1,3,1,26,16,0.6153846153846154,9.15552568435669,289.6397485733032
5,sg-cgan,1,3,2,33,13,0.3939393939393939,9.15552568435669,289.6397485733032
5,sg-cgan,1,3,3,38,34,0.8947368421052632,9.15552568435669,289.6397485733032
5,sg-cwgan,1,1,1,26,26,1.0,6.89855694770813,219.306720495224
5,sg-cwgan,1,2,1,26,19,0.7307692307692307,9.342005491256714,434.6530296802521
5,sg-cwgan,1,2,2,33,33,1.0,9.342005491256714,434.6530296802521
5,sg-cwgan,1,3,1,26,0,0.0,9.291162729263306,430.21688771247864
5,sg-cwgan,1,3,2,33,13,0.3939393939393939,9.291162729263306,430.21688771247864
5,sg-cwgan,1,3,3,38,38,1.0,9.291162729263306,430.21688771247864
5,offline,2,3,1,26,18,0.6923076923076923,9.15552568435669,289.6397485733032
5,offline,2,3,2,33,32,0.9696969696969697,9.15552568435669,289.6397485733032
5,offline,2,3,3,38,32,0.8421052631578947,9.15552568435669,289.6397485733032
5,sg-cgan,2,1,1,26,26,1.0,6.9244911670684814,149.45448446273804
5,sg-cgan,2,2,1,26,17,0.6538461538461539,9.233318328857422,293.6704988479614
5,sg-cgan,2,2,2,33,32,0.9696969696969697,9.233318328857422,293.6704988479614
5,sg-cgan,2,3,1,26,16,0.6153846153846154,9.180460214614868,287.45857644081116
5,sg-cgan,2,3,2,33,13,0.3939393939393939,9.180460214614868,287.45857644081116
5,sg-cgan,2,3,3,38,34,0.8947368421052632,9.180460214614868,287.45857644081116
5,sg-cwgan,2,1,1,26,26,1.0,6.881602764129639,220.4247317314148
5,sg-cwgan,2,2,1,26,19,0.7307692307692307,9.378927230834961,432.49380111694336
5,sg-cwgan,2,2,2,33,33,1.0,9.378927230834961,432.49380111694336
5,sg-cwgan,2,3,1,26,0,0.0,9.190430402755737,428.4994797706604
5,sg-cwgan,2,3,2,33,13,0.3939393939393939,9.190430402755737,428.4994797706604
5,sg-cwgan,2,3,3,38,38,1.0,9.190430402755737,428.4994797706604
5,offline,3,3,1,26,18,0.6923076923076923,9.180460214614868,287.45857644081116
5,offline,3,3,2,33,32,0.9696969696969697,9.180460214614868,287.45857644081116
5,offline,3,3,3,38,32,0.8421052631578947,9.180460214614868,287.45857644081116
5,sg-cgan,3,1,1,26,26,1.0,7.20573878288269,149.30687832832336
5,sg-cgan,3,2,1,26,15,0.5769230769230769,9.950399398803711,291.82840633392334
5,sg-cgan,3,2,2,33,32,0.9696969696969697,9.950399398803711,291.82840633392334
5,sg-cgan,3,3,1,26,15,0.5769230769230769,9.866624116897583,289.0742588043213
5,sg-cgan,3,3,2,33,32,0.9696969696969697,9.866624116897583,289.0742588043213
5,sg-cgan,3,3,3,38,31,0.8157894736842105,9.866624116897583,289.0742588043213
5,sg-cwgan,3,1,1,26,26,1.0,7.1798059940338135,221.36023139953613
5,sg-cwgan,3,2,1,26,10,0.38461538461538464,10.445075988769531,432.17764687538147
5,sg-cwgan,3,2,2,33,33,1.0,10.445075988769531,432.17764687538147
5,sg-cwgan,3,3,1,26,2,0.07692307692307693,10.100001335144043,427.2308683395386
5,sg-cwgan,3,3,2,33,32,0.9696969696969697,10.100001335144043,427.2308683395386
5,sg-cwgan,3,3,3,38,37,0.9736842105263158,10.100001335144043,427.2308683395386
5,offline,4,3,1,26,18,0.6923076923076923,9.866624116897583,289.0742588043213
5,offline,4,3,2,33,32,0.9696969696969697,9.866624116897583,289.0742588043213
5,offline,4,3,3,38,32,0.8421052631578947,9.866624116897583,289.0742588043213
5,sg-cgan,4,1,1,26,26,1.0,6.8945677280426025,149.37669348716736
5,sg-cgan,4,2,1,26,24,0.9230769230769231,10.028194427490234,293.6719663143158
5,sg-cgan,4,2,2,33,32,0.9696969696969697,10.028194427490234,293.6719663143158
5,sg-cgan,4,3,1,26,16,0.6153846153846154,10.188762426376343,288.961665391922
5,sg-cgan,4,3,2,33,13,0.3939393939393939,10.188762426376343,288.961665391922
5,sg-cgan,4,3,3,38,28,0.7368421052631579,10.188762426376343,288.961665391922
5,sg-cwgan,4,1,1,26,26,1.0,6.8317365646362305,219.3366403579712
5,sg-cwgan,4,2,1,26,25,0.9615384615384616,10.842016458511353,432.8279070854187
5,sg-cwgan,4,2,2,33,32,0.9696969696969697,10.842016458511353,432.8279070854187
5,sg-cwgan,4,3,1,26,15,0.5769230769230769,10.348336458206177,431.4196722507477
5,sg-cwgan,4,3,2,33,32,0.9696969696969697,10.348336458206177,431.4196722507477
5,sg-cwgan,4,3,3,38,32,0.8421052631578947,10.348336458206177,431.4196722507477
5,offline,5,3,1,26,18,0.6923076923076923,10.188762426376343,288.961665391922
5,offline,5,3,2,33,32,0.9696969696969697,10.188762426376343,288.961665391922
5,offline,5,3,3,38,32,0.8421052631578947,10.188762426376343,288.961665391922
5,sg-cgan,5,1,1,26,26,1.0,6.857668161392212,150.54955744743347
5,sg-cgan,5,2,1,26,16,0.6153846153846154,9.285179615020752,293.2341389656067
5,sg-cgan,5,2,2,33,32,0.9696969696969697,9.285179615020752,293.2341389656067
5,sg-cgan,5,3,1,26,15,0.5769230769230769,9.25924801826477,290.8804314136505
5,sg-cgan,5,3,2,33,32,0.9696969696969697,9.25924801826477,290.8804314136505
5,sg-cgan,5,3,3,38,32,0.8421052631578947,9.25924801826477,290.8804314136505
5,sg-cwgan,5,1,1,26,26,1.0,6.941472768783569,221.61551928520203
5,sg-cwgan,5,2,1,26,1,0.038461538461538464,9.3639657497406,435.5266935825348
5,sg-cwgan,5,2,2,33,32,0.9696969696969697,9.3639657497406,435.5266935825348
5,sg-cwgan,5,3,1,26,0,0.0,9.262239456176758,434.22018671035767
5,sg-cwgan,5,3,2,33,32,0.9696969696969697,9.262239456176758,434.22018671035767
5,sg-cwgan,5,3,3,38,37,0.9736842105263158,9.262239456176758,434.22018671035767
5,offline,6,3,1,26,18,0.6923076923076923,9.25924801826477,290.8804314136505
5,offline,6,3,2,33,32,0.9696969696969697,9.25924801826477,290.8804314136505
5,offline,6,3,3,38,32,0.8421052631578947,9.25924801826477,290.8804314136505
5,sg-cgan,6,1,1,26,26,1.0,6.895566701889038,151.72479104995728
5,sg-cgan,6,2,1,26,25,0.9615384615384616,10.139894723892212,296.3687596321106
5,sg-cgan,6,2,2,33,32,0.9696969696969697,10.139894723892212,296.3687596321106
5,sg-cgan,6,3,1,26,15,0.5769230769230769,10.139905214309692,292.0682444572449
5,sg-cgan,6,3,2,33,32,0.9696969696969697,10.139905214309692,292.0682444572449
5,sg-cgan,6,3,3,38,27,0.7105263157894737,10.139905214309692,292.0682444572449
5,sg-cwgan,6,1,1,26,26,1.0,6.862655401229858,221.76016068458557
5,sg-cwgan,6,2,1,26,25,0.9615384615384616,10.084041833877563,436.2866611480713
5,sg-cwgan,6,2,2,33,32,0.9696969696969697,10.084041833877563,436.2866611480713
5,sg-cwgan,6,3,1,26,1,0.038461538461538464,10.227658033370972,432.9186658859253
5,sg-cwgan,6,3,2,33,32,0.9696969696969697,10.227658033370972,432.9186658859253
5,sg-cwgan,6,3,3,38,34,0.8947368421052632,10.227658033370972,432.9186658859253
6,offline,0,None,1,35,34,0.9714285714285714,None,None
6,offline,0,None,2,22,11,0.5,None,None
6,offline,0,None,3,40,35,0.875,None,None
6,sg-cgan,0,1,1,35,35,1.0,7.198755741119385,152.98558378219604
6,sg-cgan,0,2,1,35,15,0.42857142857142855,10.821073055267334,294.3112621307373
6,sg-cgan,0,2,2,22,17,0.7727272727272727,10.821073055267334,294.3112621307373
6,sg-cgan,0,3,1,35,0,0.0,9.602331161499023,295.0686025619507
6,sg-cgan,0,3,2,22,6,0.2727272727272727,9.602331161499023,295.0686025619507
6,sg-cgan,0,3,3,40,35,0.875,9.602331161499023,295.0686025619507
6,sg-cwgan,0,1,1,35,35,1.0,7.13193416595459,221.78010869026184
6,sg-cwgan,0,2,1,35,34,0.9714285714285714,9.823736667633057,428.96024799346924
6,sg-cwgan,0,2,2,22,15,0.6818181818181818,9.823736667633057,428.96024799346924
6,sg-cwgan,0,3,1,35,0,0.0,10.573732376098633,431.7986602783203
6,sg-cwgan,0,3,2,22,6,0.2727272727272727,10.573732376098633,431.7986602783203
6,sg-cwgan,0,3,3,40,39,0.975,10.573732376098633,431.7986602783203
6,offline,1,3,1,35,34,0.9714285714285714,9.602331161499023,295.0686025619507
6,offline,1,3,2,22,11,0.5,9.602331161499023,295.0686025619507
6,offline,1,3,3,40,35,0.875,9.602331161499023,295.0686025619507
6,sg-cgan,1,1,1,35,35,1.0,6.994657278060913,148.52839493751526
6,sg-cgan,1,2,1,35,15,0.42857142857142855,10.48963189125061,294.3338270187378
6,sg-cgan,1,2,2,22,15,0.6818181818181818,10.48963189125061,294.3338270187378
6,sg-cgan,1,3,1,35,15,0.42857142857142855,9.085240364074707,6420.274602174759
6,sg-cgan,1,3,2,22,7,0.3181818181818182,9.085240364074707,6420.274602174759
6,sg-cgan,1,3,3,40,35,0.875,9.085240364074707,6420.274602174759
6,sg-cwgan,1,1,1,35,35,1.0,7.193768262863159,222.60091423988342
6,sg-cwgan,1,2,1,35,34,0.9714285714285714,9.884565830230713,428.7468192577362
6,sg-cwgan,1,2,2,22,15,0.6818181818181818,9.884565830230713,428.7468192577362
6,sg-cwgan,1,3,1,35,0,0.0,9.418819427490234,430.65072870254517
6,sg-cwgan,1,3,2,22,4,0.18181818181818182,9.418819427490234,430.65072870254517
6,sg-cwgan,1,3,3,40,39,0.975,9.418819427490234,430.65072870254517
6,offline,2,None,1,35,34,0.9714285714285714,None,None
6,offline,2,None,2,22,11,0.5,None,None
6,offline,2,None,3,40,35,0.875,None,None
6,sg-cgan,2,1,1,35,35,1.0,7.271561622619629,153.3506097793579
6,sg-cgan,2,2,1,35,15,0.42857142857142855,11.36661171913147,288.50172877311707
6,sg-cgan,2,2,2,22,17,0.7727272727272727,11.36661171913147,288.50172877311707
6,sg-cgan,2,3,1,35,0,0.0,10.102948427200317,288.47102212905884
6,sg-cgan,2,3,2,22,6,0.2727272727272727,10.102948427200317,288.47102212905884
6,sg-cgan,2,3,3,40,35,0.875,10.102948427200317,288.47102212905884
6,sg-cwgan,2,1,1,35,35,1.0,7.182796478271484,222.35656833648682
6,sg-cwgan,2,2,1,35,34,0.9714285714285714,9.936435222625732,432.1886177062988
6,sg-cwgan,2,2,2,22,15,0.6818181818181818,9.936435222625732,432.1886177062988
6,sg-cwgan,2,3,1,35,0,0.0,9.329059600830078,431.16535329818726
6,sg-cwgan,2,3,2,22,6,0.2727272727272727,9.329059600830078,431.16535329818726
6,sg-cwgan,2,3,3,40,39,0.975,9.329059600830078,431.16535329818726
6,offline,3,3,1,35,34,0.9714285714285714,10.102948427200317,288.47102212905884
6,offline,3,3,2,22,11,0.5,10.102948427200317,288.47102212905884
6,offline,3,3,3,40,35,0.875,10.102948427200317,288.47102212905884
6,sg-cgan,3,1,1,35,35,1.0,7.439062833786011,150.0909297466278
6,sg-cgan,3,2,1,35,35,1.0,10.911041259765625,301.20151233673096
6,sg-cgan,3,2,2,22,15,0.6818181818181818,10.911041259765625,301.20151233673096
6,sg-cgan,3,3,1,35,34,0.9714285714285714,11.03625750541687,310.7426633834839
6,sg-cgan,3,3,2,22,4,0.18181818181818182,11.03625750541687,310.7426633834839
6,sg-cgan,3,3,3,40,35,0.875,11.03625750541687,310.7426633834839
6,sg-cwgan,3,1,1,35,35,1.0,7.45207953453064,222.64180445671082
6,sg-cwgan,3,2,1,35,35,1.0,10.194747924804688,431.01774549484253
6,sg-cwgan,3,2,2,22,17,0.7727272727272727,10.194747924804688,431.01774549484253
6,sg-cwgan,3,3,1,35,0,0.0,9.916489839553833,431.9303069114685
6,sg-cwgan,3,3,2,22,7,0.3181818181818182,9.916489839553833,431.9303069114685
6,sg-cwgan,3,3,3,40,39,0.975,9.916489839553833,431.9303069114685
6,offline,4,3,1,35,34,0.9714285714285714,11.03625750541687,310.7426633834839
6,offline,4,3,2,22,11,0.5,11.03625750541687,310.7426633834839
6,offline,4,3,3,40,35,0.875,11.03625750541687,310.7426633834839
6,sg-cgan,4,1,1,35,35,1.0,7.4596967697143555,160.68869519233704
6,sg-cgan,4,2,1,35,34,0.9714285714285714,12.805370807647705,314.747620344162
6,sg-cgan,4,2,2,22,11,0.5,12.805370807647705,314.747620344162
6,sg-cgan,4,3,1,35,15,0.42857142857142855,10.625344276428223,308.62660932540894
6,sg-cgan,4,3,2,22,7,0.3181818181818182,10.625344276428223,308.62660932540894
6,sg-cgan,4,3,3,40,35,0.875,10.625344276428223,308.62660932540894
6,sg-cwgan,4,1,1,35,35,1.0,7.1678383350372314,223.51945900917053
6,sg-cwgan,4,2,1,35,35,1.0,10.977644681930542,431.51841020584106
6,sg-cwgan,4,2,2,22,11,0.5,10.977644681930542,431.51841020584106
6,sg-cwgan,4,3,1,35,34,0.9714285714285714,10.512896060943604,431.46255803108215
6,sg-cwgan,4,3,2,22,5,0.22727272727272727,10.512896060943604,431.46255803108215
6,sg-cwgan,4,3,3,40,35,0.875,10.512896060943604,431.46255803108215
6,offline,5,3,1,35,34,0.9714285714285714,10.625344276428223,308.62660932540894
6,offline,5,3,2,22,11,0.5,10.625344276428223,308.62660932540894
6,offline,5,3,3,40,35,0.875,10.625344276428223,308.62660932540894
6,sg-cgan,5,1,1,35,35,1.0,7.660921335220337,163.8044307231903
6,sg-cgan,5,2,1,35,0,0.0,11.80714201927185,318.84853076934814
6,sg-cgan,5,2,2,22,16,0.7272727272727273,11.80714201927185,318.84853076934814
6,sg-cgan,5,3,1,35,0,0.0,9.775761127471924,298.696786403656
6,sg-cgan,5,3,2,22,9,0.4090909090909091,9.775761127471924,298.696786403656
6,sg-cgan,5,3,3,40,35,0.875,9.775761127471924,298.696786403656
6,sg-cwgan,5,1,1,35,35,1.0,7.238648176193237,223.2970540523529
6,sg-cwgan,5,2,1,35,34,0.9714285714285714,10.554784536361694,434.6460471153259
6,sg-cwgan,5,2,2,22,14,0.6363636363636364,10.554784536361694,434.6460471153259
6,sg-cwgan,5,3,1,35,0,0.0,9.311107635498047,433.61281061172485
6,sg-cwgan,5,3,2,22,4,0.18181818181818182,9.311107635498047,433.61281061172485
6,sg-cwgan,5,3,3,40,39,0.975,9.311107635498047,433.61281061172485
6,offline,6,3,1,35,34,0.9714285714285714,9.775761127471924,298.696786403656
6,offline,6,3,2,22,11,0.5,9.775761127471924,298.696786403656
6,offline,6,3,3,40,35,0.875,9.775761127471924,298.696786403656
6,sg-cgan,6,1,1,35,35,1.0,7.346217632293701,151.77981209754944
6,sg-cgan,6,2,1,35,15,0.42857142857142855,12.027556896209717,296.9147446155548
6,sg-cgan,6,2,2,22,11,0.5,12.027556896209717,296.9147446155548
6,sg-cgan,6,3,1,35,15,0.42857142857142855,10.173093318939209,291.5923182964325
6,sg-cgan,6,3,2,22,4,0.18181818181818182,10.173093318939209,291.5923182964325
6,sg-cgan,6,3,3,40,30,0.75,10.173093318939209,291.5923182964325
6,sg-cwgan,6,1,1,35,35,1.0,7.116974353790283,223.46360802650452
6,sg-cwgan,6,2,1,35,35,1.0,11.719669580459595,433.72949838638306
6,sg-cwgan,6,2,2,22,12,0.5454545454545454,11.719669580459595,433.72949838638306
6,sg-cwgan,6,3,1,35,34,0.9714285714285714,10.313429594039917,433.1340892314911
6,sg-cwgan,6,3,2,22,14,0.6363636363636364,10.313429594039917,433.1340892314911
6,sg-cwgan,6,3,3,40,35,0.875,10.313429594039917,433.1340892314911
7,offline,0,None,1,42,37,0.8809523809523809,None,None
7,offline,0,None,2,31,30,0.967741935483871,None,None
7,offline,0,None,3,24,16,0.6666666666666666,None,None
7,sg-cgan,0,1,1,42,38,0.9047619047619048,7.462710857391357,1651.1941475868225
7,sg-cgan,0,2,1,42,20,0.47619047619047616,11.10730791091919,345.38573265075684
7,sg-cgan,0,2,2,31,30,0.967741935483871,11.10730791091919,345.38573265075684
7,sg-cgan,0,3,1,42,26,0.6190476190476191,11.920136213302612,335.4670259952545
7,sg-cgan,0,3,2,31,19,0.6129032258064516,11.920136213302612,335.4670259952545
7,sg-cgan,0,3,3,24,24,1.0,11.920136213302612,335.4670259952545
7,sg-cwgan,0,1,1,42,38,0.9047619047619048,7.59070611000061,221.03210973739624
7,sg-cwgan,0,2,1,42,6,0.14285714285714285,9.710040807723999,432.8917381763458
7,sg-cwgan,0,2,2,31,30,0.967741935483871,9.710040807723999,432.8917381763458
7,sg-cwgan,0,3,1,42,13,0.30952380952380953,9.22334337234497,433.6846179962158
7,sg-cwgan,0,3,2,31,4,0.12903225806451613,9.22334337234497,433.6846179962158
7,sg-cwgan,0,3,3,24,23,0.9583333333333334,9.22334337234497,433.6846179962158
7,offline,1,3,1,42,37,0.8809523809523809,11.920136213302612,335.4670259952545
7,offline,1,3,2,31,30,0.967741935483871,11.920136213302612,335.4670259952545
7,offline,1,3,3,24,16,0.6666666666666666,11.920136213302612,335.4670259952545
7,sg-cgan,1,1,1,42,38,0.9047619047619048,8.540169954299927,174.23125290870667
7,sg-cgan,1,2,1,42,20,0.47619047619047616,11.720667839050293,305.27096366882324
7,sg-cgan,1,2,2,31,30,0.967741935483871,11.720667839050293,305.27096366882324
7,sg-cgan,1,3,1,42,20,0.47619047619047616,9.269222497940063,289.04533648490906
7,sg-cgan,1,3,2,31,19,0.6129032258064516,9.269222497940063,289.04533648490906
7,sg-cgan,1,3,3,24,24,1.0,9.269222497940063,289.04533648490906
7,sg-cwgan,1,1,1,42,38,0.9047619047619048,7.5946972370147705,221.82152223587036
7,sg-cwgan,1,2,1,42,6,0.14285714285714285,10.543811798095703,432.29832458496094
7,sg-cwgan,1,2,2,31,30,0.967741935483871,10.543811798095703,432.29832458496094
7,sg-cwgan,1,3,1,42,13,0.30952380952380953,9.26124119758606,433.36048460006714
7,sg-cwgan,1,3,2,31,4,0.12903225806451613,9.26124119758606,433.36048460006714
7,sg-cwgan,1,3,3,24,23,0.9583333333333334,9.26124119758606,433.36048460006714
7,offline,2,3,1,42,37,0.8809523809523809,9.269222497940063,289.04533648490906
7,offline,2,3,2,31,30,0.967741935483871,9.269222497940063,289.04533648490906
7,offline,2,3,3,24,16,0.6666666666666666,9.269222497940063,289.04533648490906
7,sg-cgan,2,1,1,42,38,0.9047619047619048,7.4909751415252686,150.19849848747253
7,sg-cgan,2,2,1,42,20,0.47619047619047616,10.41817021369934,293.16430711746216
7,sg-cgan,2,2,2,31,30,0.967741935483871,10.41817021369934,293.16430711746216
7,sg-cgan,2,3,1,42,26,0.6190476190476191,10.149867057800293,289.16701197624207
7,sg-cgan,2,3,2,31,19,0.6129032258064516,10.149867057800293,289.16701197624207
7,sg-cgan,2,3,3,24,24,1.0,10.149867057800293,289.16701197624207
7,sg-cwgan,2,1,1,42,38,0.9047619047619048,7.6206278800964355,221.8239905834198
7,sg-cwgan,2,2,1,42,6,0.14285714285714285,9.753924131393433,430.40638303756714
7,sg-cwgan,2,2,2,31,30,0.967741935483871,9.753924131393433,430.40638303756714
7,sg-cwgan,2,3,1,42,13,0.30952380952380953,9.266228437423706,433.1839554309845
7,sg-cwgan,2,3,2,31,4,0.12903225806451613,9.266228437423706,433.1839554309845
7,sg-cwgan,2,3,3,24,23,0.9583333333333334,9.266228437423706,433.1839554309845
7,offline,3,3,1,42,37,0.8809523809523809,10.149867057800293,289.16701197624207
7,offline,3,3,2,31,30,0.967741935483871,10.149867057800293,289.16701197624207
7,offline,3,3,3,24,16,0.6666666666666666,10.149867057800293,289.16701197624207
7,sg-cgan,3,1,1,42,38,0.9047619047619048,8.15220856666565,151.05221319198608
7,sg-cgan,3,2,1,42,20,0.47619047619047616,10.807109594345093,294.4588646888733
7,sg-cgan,3,2,2,31,31,1.0,10.807109594345093,294.4588646888733
7,sg-cgan,3,3,1,42,20,0.47619047619047616,9.82074761390686,289.9977903366089
7,sg-cgan,3,3,2,31,20,0.6451612903225806,9.82074761390686,289.9977903366089
7,sg-cgan,3,3,3,24,24,1.0,9.82074761390686,289.9977903366089
7,sg-cwgan,3,1,1,42,38,0.9047619047619048,8.095357418060303,222.20995926856995
7,sg-cwgan,3,2,1,42,0,0.0,10.767214059829712,435.5635964870453
7,sg-cwgan,3,2,2,31,31,1.0,10.767214059829712,435.5635964870453
7,sg-cwgan,3,3,1,42,0,0.0,9.745945453643799,430.914026260376
7,sg-cwgan,3,3,2,31,4,0.12903225806451613,9.745945453643799,430.914026260376
7,sg-cwgan,3,3,3,24,24,1.0,9.745945453643799,430.914026260376
7,offline,4,3,1,42,37,0.8809523809523809,9.82074761390686,289.9977903366089
7,offline,4,3,2,31,30,0.967741935483871,9.82074761390686,289.9977903366089
7,offline,4,3,3,24,16,0.6666666666666666,9.82074761390686,289.9977903366089
7,sg-cgan,4,1,1,42,38,0.9047619047619048,7.64655876159668,151.09709334373474
7,sg-cgan,4,2,1,42,29,0.6904761904761905,10.681447505950928,293.15435242652893
7,sg-cgan,4,2,2,31,30,0.967741935483871,10.681447505950928,293.15435242652893
7,sg-cgan,4,3,1,42,36,0.8571428571428571,10.237632513046265,289.7923400402069
7,sg-cgan,4,3,2,31,22,0.7096774193548387,10.237632513046265,289.7923400402069
7,sg-cgan,4,3,3,24,23,0.9583333333333334,10.237632513046265,289.7923400402069
7,sg-cwgan,4,1,1,42,38,0.9047619047619048,7.623618841171265,221.4061086177826
7,sg-cwgan,4,2,1,42,16,0.38095238095238093,11.474323272705078,431.68197226524353
7,sg-cwgan,4,2,2,31,30,0.967741935483871,11.474323272705078,431.68197226524353
7,sg-cwgan,4,3,1,42,15,0.35714285714285715,10.203721284866333,436.3275535106659
7,sg-cwgan,4,3,2,31,27,0.8709677419354839,10.203721284866333,436.3275535106659
7,sg-cwgan,4,3,3,24,23,0.9583333333333334,10.203721284866333,436.3275535106659
7,offline,5,3,1,42,37,0.8809523809523809,10.237632513046265,289.7923400402069
7,offline,5,3,2,31,30,0.967741935483871,10.237632513046265,289.7923400402069
7,offline,5,3,3,24,16,0.6666666666666666,10.237632513046265,289.7923400402069
7,sg-cgan,5,1,1,42,38,0.9047619047619048,7.9130027294158936,151.23472619056702
7,sg-cgan,5,2,1,42,33,0.7857142857142857,9.674138307571411,295.336519241333
7,sg-cgan,5,2,2,31,31,1.0,9.674138307571411,295.336519241333
7,sg-cgan,5,3,1,42,29,0.6904761904761905,9.2752046585083,294.10787057876587
7,sg-cgan,5,3,2,31,0,0.0,9.2752046585083,294.10787057876587
7,sg-cgan,5,3,3,24,23,0.9583333333333334,9.2752046585083,294.10787057876587
7,sg-cwgan,5,1,1,42,38,0.9047619047619048,7.659522533416748,222.42737865447998
7,sg-cwgan,5,2,1,42,0,0.0,9.889561653137207,435.58952617645264
7,sg-cwgan,5,2,2,31,31,1.0,9.889561653137207,435.58952617645264
7,sg-cwgan,5,3,1,42,0,0.0,9.389896631240845,433.2258448600769
7,sg-cwgan,5,3,2,31,0,0.0,9.389896631240845,433.2258448600769
7,sg-cwgan,5,3,3,24,24,1.0,9.389896631240845,433.2258448600769
7,offline,6,3,1,42,37,0.8809523809523809,9.2752046585083,294.10787057876587
7,offline,6,3,2,31,30,0.967741935483871,9.2752046585083,294.10787057876587
7,offline,6,3,3,24,16,0.6666666666666666,9.2752046585083,294.10787057876587
7,sg-cgan,6,1,1,42,38,0.9047619047619048,7.629604816436768,151.1928379535675
7,sg-cgan,6,2,1,42,37,0.8809523809523809,10.773200750350952,294.8588318824768
7,sg-cgan,6,2,2,31,30,0.967741935483871,10.773200750350952,294.8588318824768
7,sg-cgan,6,3,1,42,21,0.5,10.281513690948486,294.10880303382874
7,sg-cgan,6,3,2,31,2,0.06451612903225806,10.281513690948486,294.10880303382874
7,sg-cgan,6,3,3,24,23,0.9583333333333334,10.281513690948486,294.10880303382874
7,sg-cwgan,6,1,1,42,38,0.9047619047619048,7.824082374572754,224.40708684921265
7,sg-cwgan,6,2,1,42,0,0.0,10.744279146194458,452.20211243629456
7,sg-cwgan,6,2,2,31,30,0.967741935483871,10.744279146194458,452.20211243629456
7,sg-cwgan,6,3,1,42,0,0.0,10.385236263275146,445.69850158691406
7,sg-cwgan,6,3,2,31,26,0.8387096774193549,10.385236263275146,445.69850158691406
7,sg-cwgan,6,3,3,24,23,0.9583333333333334,10.385236263275146,445.69850158691406
8,offline,0,None,1,28,28,1.0,None,None
8,offline,0,None,2,38,31,0.8157894736842105,None,None
8,offline,0,None,3,31,29,0.9354838709677419,None,None
8,sg-cgan,0,1,1,28,28,1.0,7.060124635696411,150.91460275650024
8,sg-cgan,0,2,1,28,28,1.0,9.710043668746948,294.32322812080383
8,sg-cgan,0,2,2,38,33,0.868421052631579,9.710043668746948,294.32322812080383
8,sg-cgan,0,3,1,28,28,1.0,9.388902187347412,288.677321434021
8,sg-cgan,0,3,2,38,3,0.07894736842105263,9.388902187347412,288.677321434021
8,sg-cgan,0,3,3,31,31,1.0,9.388902187347412,288.677321434021
8,sg-cwgan,0,1,1,28,28,1.0,7.1119866371154785,232.00776720046997
8,sg-cwgan,0,2,1,28,13,0.4642857142857143,9.994281530380249,441.0688786506653
8,sg-cwgan,0,2,2,38,38,1.0,9.994281530380249,441.0688786506653
8,sg-cwgan,0,3,1,28,0,0.0,9.229326248168945,433.72451162338257
8,sg-cwgan,0,3,2,38,0,0.0,9.229326248168945,433.72451162338257
8,sg-cwgan,0,3,3,31,31,1.0,9.229326248168945,433.72451162338257
8,offline,1,3,1,28,28,1.0,9.388902187347412,288.677321434021
8,offline,1,3,2,38,31,0.8157894736842105,9.388902187347412,288.677321434021
8,offline,1,3,3,31,29,0.9354838709677419,9.388902187347412,288.677321434021
8,sg-cgan,1,1,1,28,28,1.0,7.0272135734558105,151.0891740322113
8,sg-cgan,1,2,1,28,28,1.0,10.118948221206665,292.57042050361633
8,sg-cgan,1,2,2,38,33,0.868421052631579,10.118948221206665,292.57042050361633
8,sg-cgan,1,3,1,28,28,1.0,9.41183853149414,291.5486454963684
8,sg-cgan,1,3,2,38,3,0.07894736842105263,9.41183853149414,291.5486454963684
8,sg-cgan,1,3,3,31,31,1.0,9.41183853149414,291.5486454963684
8,sg-cwgan,1,1,1,28,28,1.0,7.066108465194702,224.2654640674591
8,sg-cwgan,1,2,1,28,13,0.4642857142857143,10.218682289123535,437.09849071502686
8,sg-cwgan,1,2,2,38,38,1.0,10.218682289123535,437.09849071502686
8,sg-cwgan,1,3,1,28,0,0.0,9.198409080505371,432.4588952064514
8,sg-cwgan,1,3,2,38,0,0.0,9.198409080505371,432.4588952064514
8,sg-cwgan,1,3,3,31,31,1.0,9.198409080505371,432.4588952064514
8,offline,2,3,1,28,28,1.0,9.41183853149414,291.5486454963684
8,offline,2,3,2,38,31,0.8157894736842105,9.41183853149414,291.5486454963684
8,offline,2,3,3,31,29,0.9354838709677419,9.41183853149414,291.5486454963684
8,sg-cgan,2,1,1,28,28,1.0,7.002281904220581,151.71444368362427
8,sg-cgan,2,2,1,28,28,1.0,9.637237310409546,293.49843311309814
8,sg-cgan,2,2,2,38,33,0.868421052631579,9.637237310409546,293.49843311309814
8,sg-cgan,2,3,1,28,28,1.0,9.400868654251099,290.3658082485199
8,sg-cgan,2,3,2,38,3,0.07894736842105263,9.400868654251099,290.3658082485199
8,sg-cgan,2,3,3,31,31,1.0,9.400868654251099,290.3658082485199
8,sg-cwgan,2,1,1,28,28,1.0,7.012253999710083,223.5523715019226
8,sg-cwgan,2,2,1,28,13,0.4642857142857143,9.543485641479492,436.3066098690033
8,sg-cwgan,2,2,2,38,38,1.0,9.543485641479492,436.3066098690033
8,sg-cwgan,2,3,1,28,0,0.0,9.216360330581665,437.55527091026306
8,sg-cwgan,2,3,2,38,0,0.0,9.216360330581665,437.55527091026306
8,sg-cwgan,2,3,3,31,31,1.0,9.216360330581665,437.55527091026306
8,offline,3,3,1,28,28,1.0,9.400868654251099,290.3658082485199
8,offline,3,3,2,38,31,0.8157894736842105,9.400868654251099,290.3658082485199
8,offline,3,3,3,31,29,0.9354838709677419,9.400868654251099,290.3658082485199
8,sg-cgan,3,1,1,28,28,1.0,7.401215553283691,151.70247507095337
8,sg-cgan,3,2,1,28,28,1.0,10.8460054397583,293.70388317108154
8,sg-cgan,3,2,2,38,33,0.868421052631579,10.8460054397583,293.70388317108154
8,sg-cgan,3,3,1,28,28,1.0,9.615296840667725,289.33655762672424
8,sg-cgan,3,3,2,38,5,0.13157894736842105,9.615296840667725,289.33655762672424
8,sg-cgan,3,3,3,31,28,0.9032258064516129,9.615296840667725,289.33655762672424
8,sg-cwgan,3,1,1,28,28,1.0,7.440110921859741,224.53973007202148
8,sg-cwgan,3,2,1,28,13,0.4642857142857143,10.001265048980713,432.45590257644653
8,sg-cwgan,3,2,2,38,37,0.9736842105263158,10.001265048980713,432.45590257644653
8,sg-cwgan,3,3,1,28,13,0.4642857142857143,9.60931134223938,432.4269790649414
8,sg-cwgan,3,3,2,38,6,0.15789473684210525,9.60931134223938,432.4269790649414
8,sg-cwgan,3,3,3,31,30,0.967741935483871,9.60931134223938,432.4269790649414
8,offline,4,3,1,28,28,1.0,9.615296840667725,289.33655762672424
8,offline,4,3,2,38,31,0.8157894736842105,9.615296840667725,289.33655762672424
8,offline,4,3,3,31,29,0.9354838709677419,9.615296840667725,289.33655762672424
8,sg-cgan,4,1,1,28,28,1.0,7.07807731628418,151.05021953582764
8,sg-cgan,4,2,1,28,28,1.0,10.56076979637146,293.96319103240967
8,sg-cgan,4,2,2,38,33,0.868421052631579,10.56076979637146,293.96319103240967
8,sg-cgan,4,3,1,28,28,1.0,10.060108423233032,289.2298424243927
8,sg-cgan,4,3,2,38,8,0.21052631578947367,10.060108423233032,289.2298424243927
8,sg-cgan,4,3,3,31,30,0.967741935483871,10.060108423233032,289.2298424243927
8,sg-cwgan,4,1,1,28,28,1.0,7.125950813293457,223.69000124931335
8,sg-cwgan,4,2,1,28,13,0.4642857142857143,10.676457166671753,436.03832602500916
8,sg-cwgan,4,2,2,38,37,0.9736842105263158,10.676457166671753,436.03832602500916
8,sg-cwgan,4,3,1,28,13,0.4642857142857143,10.080052614212036,433.97185015678406
8,sg-cwgan,4,3,2,38,18,0.47368421052631576,10.080052614212036,433.97185015678406
8,sg-cwgan,4,3,3,31,28,0.9032258064516129,10.080052614212036,433.97185015678406
8,offline,5,3,1,28,28,1.0,10.060108423233032,289.2298424243927
8,offline,5,3,2,38,31,0.8157894736842105,10.060108423233032,289.2298424243927
8,offline,5,3,3,31,29,0.9354838709677419,10.060108423233032,289.2298424243927
8,sg-cgan,5,1,1,28,28,1.0,7.347564935684204,151.25367641448975
8,sg-cgan,5,2,1,28,28,1.0,9.43777084350586,294.40500926971436
8,sg-cgan,5,2,2,38,33,0.868421052631579,9.43777084350586,294.40500926971436
8,sg-cgan,5,3,1,28,28,1.0,9.230340242385864,292.78532314300537
8,sg-cgan,5,3,2,38,6,0.15789473684210525,9.230340242385864,292.78532314300537
8,sg-cgan,5,3,3,31,30,0.967741935483871,9.230340242385864,292.78532314300537
8,sg-cwgan,5,1,1,28,28,1.0,7.059115171432495,223.1634111404419
8,sg-cwgan,5,2,1,28,0,0.0,9.409841775894165,439.45519185066223
8,sg-cwgan,5,2,2,38,36,0.9473684210526315,9.409841775894165,439.45519185066223
8,sg-cwgan,5,3,1,28,0,0.0,9.211374998092651,437.4714951515198
8,sg-cwgan,5,3,2,38,0,0.0,9.211374998092651,437.4714951515198
8,sg-cwgan,5,3,3,31,31,1.0,9.211374998092651,437.4714951515198
8,offline,6,3,1,28,28,1.0,9.230340242385864,292.78532314300537
8,offline,6,3,2,38,31,0.8157894736842105,9.230340242385864,292.78532314300537
8,offline,6,3,3,31,29,0.9354838709677419,9.230340242385864,292.78532314300537
8,sg-cgan,6,1,1,28,28,1.0,7.012253284454346,151.08712148666382
8,sg-cgan,6,2,1,28,28,1.0,10.450068712234497,294.55720472335815
8,sg-cgan,6,2,2,38,33,0.868421052631579,10.450068712234497,294.55720472335815
8,sg-cgan,6,3,1,28,28,1.0,10.112967014312744,293.70587825775146
8,sg-cgan,6,3,2,38,18,0.47368421052631576,10.112967014312744,293.70587825775146
8,sg-cgan,6,3,3,31,28,0.9032258064516129,10.112967014312744,293.70587825775146
8,sg-cwgan,6,1,1,28,28,1.0,7.054141521453857,224.5866060256958
8,sg-cwgan,6,2,1,28,0,0.0,10.5108962059021,437.911319732666
8,sg-cwgan,6,2,2,38,36,0.9473684210526315,10.5108962059021,437.911319732666
8,sg-cwgan,6,3,1,28,0,0.0,10.213695526123047,438.2713565826416
8,sg-cwgan,6,3,2,38,22,0.5789473684210527,10.213695526123047,438.2713565826416
8,sg-cwgan,6,3,3,31,30,0.967741935483871,10.213695526123047,438.2713565826416
9,offline,0,None,1,24,19,0.7916666666666666,None,None
9,offline,0,None,2,26,26,1.0,None,None
9,offline,0,None,3,47,41,0.8723404255319149,None,None
9,sg-cgan,0,1,1,24,24,1.0,7.296494483947754,149.66691732406616
9,sg-cgan,0,2,1,24,13,0.5416666666666666,9.18943452835083,290.0705964565277
9,sg-cgan,0,2,2,26,25,0.9615384615384616,9.18943452835083,290.0705964565277
9,sg-cgan,0,3,1,24,13,0.5416666666666666,9.460710525512695,289.6985893249512
9,sg-cgan,0,3,2,26,16,0.6153846153846154,9.460710525512695,289.6985893249512
9,sg-cgan,0,3,3,47,41,0.8723404255319149,9.460710525512695,289.6985893249512
9,sg-cwgan,0,1,1,24,24,1.0,7.36530876159668,222.43436002731323
9,sg-cwgan,0,2,1,24,13,0.5416666666666666,9.298141956329346,436.22981333732605
9,sg-cwgan,0,2,2,26,26,1.0,9.298141956329346,436.22981333732605
9,sg-cwgan,0,3,1,24,16,0.6666666666666666,9.525534391403198,435.74510955810547
9,sg-cwgan,0,3,2,26,2,0.07692307692307693,9.525534391403198,435.74510955810547
9,sg-cwgan,0,3,3,47,45,0.9574468085106383,9.525534391403198,435.74510955810547
9,offline,1,3,1,24,19,0.7916666666666666,9.460710525512695,289.6985893249512
9,offline,1,3,2,26,26,1.0,9.460710525512695,289.6985893249512
9,offline,1,3,3,47,41,0.8723404255319149,9.460710525512695,289.6985893249512
9,sg-cgan,1,1,1,24,24,1.0,7.280536651611328,150.42496371269226
9,sg-cgan,1,2,1,24,13,0.5416666666666666,9.787834644317627,290.52139163017273
9,sg-cgan,1,2,2,26,25,0.9615384615384616,9.787834644317627,290.52139163017273
9,sg-cgan,1,3,1,24,13,0.5416666666666666,9.483649015426636,290.05264472961426
9,sg-cgan,1,3,2,26,16,0.6153846153846154,9.483649015426636,290.05264472961426
9,sg-cgan,1,3,3,47,41,0.8723404255319149,9.483649015426636,290.05264472961426
9,sg-cwgan,1,1,1,24,24,1.0,7.376281499862671,222.4553029537201
9,sg-cwgan,1,2,1,24,13,0.5416666666666666,9.309115171432495,436.6008207798004
9,sg-cwgan,1,2,2,26,26,1.0,9.309115171432495,436.6008207798004
9,sg-cwgan,1,3,1,24,16,0.6666666666666666,9.540494441986084,435.00907707214355
9,sg-cwgan,1,3,2,26,2,0.07692307692307693,9.540494441986084,435.00907707214355
9,sg-cwgan,1,3,3,47,45,0.9574468085106383,9.540494441986084,435.00907707214355
9,offline,2,3,1,24,19,0.7916666666666666,9.483649015426636,290.05264472961426
9,offline,2,3,2,26,26,1.0,9.483649015426636,290.05264472961426
9,offline,2,3,3,47,41,0.8723404255319149,9.483649015426636,290.05264472961426
9,sg-cgan,2,1,1,24,24,1.0,7.281533718109131,149.74072003364563
9,sg-cgan,2,2,1,24,13,0.5416666666666666,9.25426173210144,290.58920788764954
9,sg-cgan,2,2,2,26,25,0.9615384615384616,9.25426173210144,290.58920788764954
9,sg-cgan,2,3,1,24,13,0.5416666666666666,9.560443878173828,291.102835893631
9,sg-cgan,2,3,2,26,16,0.6153846153846154,9.560443878173828,291.102835893631
9,sg-cgan,2,3,3,47,41,0.8723404255319149,9.560443878173828,291.102835893631
9,sg-cwgan,2,1,1,24,24,1.0,7.307465314865112,223.75183725357056
9,sg-cwgan,2,2,1,24,13,0.5416666666666666,9.299139022827148,438.5226843357086
9,sg-cwgan,2,2,2,26,26,1.0,9.299139022827148,438.5226843357086
9,sg-cwgan,2,3,1,24,16,0.6666666666666666,9.515562057495117,436.0084056854248
9,sg-cwgan,2,3,2,26,2,0.07692307692307693,9.515562057495117,436.0084056854248
9,sg-cwgan,2,3,3,47,45,0.9574468085106383,9.515562057495117,436.0084056854248
9,offline,3,3,1,24,19,0.7916666666666666,9.560443878173828,291.102835893631
9,offline,3,3,2,26,26,1.0,9.560443878173828,291.102835893631
9,offline,3,3,3,47,41,0.8723404255319149,9.560443878173828,291.102835893631
9,sg-cgan,3,1,1,24,24,1.0,7.650548458099365,150.1875250339508
9,sg-cgan,3,2,1,24,13,0.5416666666666666,10.310438632965088,293.75375032424927
9,sg-cgan,3,2,2,26,25,0.9615384615384616,10.310438632965088,293.75375032424927
9,sg-cgan,3,3,1,24,13,0.5416666666666666,9.97234058380127,288.0031225681305
9,sg-cgan,3,3,2,26,17,0.6538461538461539,9.97234058380127,288.0031225681305
9,sg-cgan,3,3,3,47,41,0.8723404255319149,9.97234058380127,288.0031225681305
9,sg-cwgan,3,1,1,24,24,1.0,7.586717844009399,222.7136127948761
9,sg-cwgan,3,2,1,24,13,0.5416666666666666,10.215689897537231,435.7351360321045
9,sg-cwgan,3,2,2,26,26,1.0,10.215689897537231,435.7351360321045
9,sg-cwgan,3,3,1,24,18,0.75,9.812767744064331,433.2866816520691
9,sg-cwgan,3,3,2,26,4,0.15384615384615385,9.812767744064331,433.2866816520691
9,sg-cwgan,3,3,3,47,45,0.9574468085106383,9.812767744064331,433.2866816520691
9,offline,4,3,1,24,19,0.7916666666666666,9.97234058380127,288.0031225681305
9,offline,4,3,2,26,26,1.0,9.97234058380127,288.0031225681305
9,offline,4,3,3,47,41,0.8723404255319149,9.97234058380127,288.0031225681305
9,sg-cgan,4,1,1,24,24,1.0,7.274554491043091,149.73872447013855
9,sg-cgan,4,2,1,24,13,0.5416666666666666,10.159839391708374,291.70223450660706
9,sg-cgan,4,2,2,26,25,0.9615384615384616,10.159839391708374,291.70223450660706
9,sg-cgan,4,3,1,24,13,0.5416666666666666,10.147872924804688,289.16900610923767
9,sg-cgan,4,3,2,26,25,0.9615384615384616,10.147872924804688,289.16900610923767
9,sg-cgan,4,3,3,47,41,0.8723404255319149,10.147872924804688,289.16900610923767
9,sg-cwgan,4,1,1,24,24,1.0,7.397223711013794,231.1839587688446
9,sg-cwgan,4,2,1,24,13,0.5416666666666666,11.633933067321777,491.4212803840637
9,sg-cwgan,4,2,2,26,26,1.0,11.633933067321777,491.4212803840637
9,sg-cwgan,4,3,1,24,13,0.5416666666666666,11.177472591400146,502.7744343280792
9,sg-cwgan,4,3,2,26,22,0.8461538461538461,11.177472591400146,502.7744343280792
9,sg-cwgan,4,3,3,47,13,0.2765957446808511,11.177472591400146,502.7744343280792
9,offline,5,3,1,24,19,0.7916666666666666,10.147872924804688,289.16900610923767
9,offline,5,3,2,26,26,1.0,10.147872924804688,289.16900610923767
9,offline,5,3,3,47,41,0.8723404255319149,10.147872924804688,289.16900610923767
9,sg-cgan,5,1,1,24,24,1.0,7.22668194770813,151.12302327156067
9,sg-cgan,5,2,1,24,13,0.5416666666666666,9.308117866516113,293.0426506996155
9,sg-cgan,5,2,2,26,25,0.9615384615384616,9.308117866516113,293.0426506996155
9,sg-cgan,5,3,1,24,14,0.5833333333333334,9.507585048675537,291.8558237552643
9,sg-cgan,5,3,2,26,4,0.15384615384615385,9.507585048675537,291.8558237552643
9,sg-cgan,5,3,3,47,45,0.9574468085106383,9.507585048675537,291.8558237552643
9,sg-cwgan,5,1,1,24,24,1.0,7.395540952682495,223.71534419059753
9,sg-cwgan,5,2,1,24,13,0.5416666666666666,9.330725193023682,440.14532136917114
9,sg-cwgan,5,2,2,26,26,1.0,9.330725193023682,440.14532136917114
9,sg-cwgan,5,3,1,24,15,0.625,9.34656572341919,435.84919905662537
9,sg-cwgan,5,3,2,26,0,0.0,9.34656572341919,435.84919905662537
9,sg-cwgan,5,3,3,47,45,0.9574468085106383,9.34656572341919,435.84919905662537
9,offline,6,3,1,24,19,0.7916666666666666,9.507585048675537,291.8558237552643
9,offline,6,3,2,26,26,1.0,9.507585048675537,291.8558237552643
9,offline,6,3,3,47,41,0.8723404255319149,9.507585048675537,291.8558237552643
9,sg-cgan,6,1,1,24,24,1.0,7.305470705032349,150.84975600242615
9,sg-cgan,6,2,1,24,13,0.5416666666666666,10.383243560791016,293.88938784599304
9,sg-cgan,6,2,2,26,25,0.9615384615384616,10.383243560791016,293.88938784599304
9,sg-cgan,6,3,1,24,14,0.5833333333333334,10.165823221206665,290.47351932525635
9,sg-cgan,6,3,2,26,25,0.9615384615384616,10.165823221206665,290.47351932525635
9,sg-cgan,6,3,3,47,21,0.44680851063829785,10.165823221206665,290.47351932525635
9,sg-cwgan,6,1,1,24,24,1.0,7.318434953689575,222.92365860939026
9,sg-cwgan,6,2,1,24,13,0.5416666666666666,10.288946866989136,459.04816818237305
9,sg-cwgan,6,2,2,26,26,1.0,10.288946866989136,459.04816818237305
9,sg-cwgan,6,3,1,24,13,0.5416666666666666,11.456760883331299,517.0911962985992
9,sg-cwgan,6,3,2,26,17,0.6538461538461539,11.456760883331299,517.0911962985992
9,sg-cwgan,6,3,3,47,41,0.8723404255319149,11.456760883331299,517.0911962985992
