task_order, method, cmd, train_session, task_index, no_of_test, no_of_correct_prediction, accuracy, solver_training_time, generator_training_time
0,offline,0,None,1,150,105,0.7,None,None
0,offline,0,None,2,150,1,0.006666666666666667,None,None
0,offline,0,None,3,150,149,0.9933333333333333,None,None
0,offline,0,None,4,150,123,0.82,None,None
0,offline,0,None,5,150,121,0.8066666666666666,None,None
0,sg-cgan,0,1,1,150,150,1.0,2.7280075550079346,987.679224729538
0,sg-cgan,0,2,1,150,56,0.37333333333333335,4.770274877548218,1741.845406293869
0,sg-cgan,0,2,2,150,113,0.7533333333333333,4.770274877548218,1741.845406293869
0,sg-cgan,0,3,1,150,4,0.02666666666666667,5.102481842041016,1688.4940814971924
0,sg-cgan,0,3,2,150,72,0.48,5.102481842041016,1688.4940814971924
0,sg-cgan,0,3,3,150,149,0.9933333333333333,5.102481842041016,1688.4940814971924
0,sg-cgan,0,4,1,150,0,0.0,5.0759055614471436,1624.0749156475067
0,sg-cgan,0,4,2,150,0,0.0,5.0759055614471436,1624.0749156475067
0,sg-cgan,0,4,3,150,87,0.58,5.0759055614471436,1624.0749156475067
0,sg-cgan,0,4,4,150,150,1.0,5.0759055614471436,1624.0749156475067
0,sg-cgan,0,5,1,150,0,0.0,5.101459264755249,1575.6147496700287
0,sg-cgan,0,5,2,150,12,0.08,5.101459264755249,1575.6147496700287
0,sg-cgan,0,5,3,150,106,0.7066666666666667,5.101459264755249,1575.6147496700287
0,sg-cgan,0,5,4,150,93,0.62,5.101459264755249,1575.6147496700287
0,sg-cgan,0,5,5,150,150,1.0,5.101459264755249,1575.6147496700287
0,offline,1,None,1,150,105,0.7,None,None
0,offline,1,None,2,150,1,0.006666666666666667,None,None
0,offline,1,None,3,150,149,0.9933333333333333,None,None
0,offline,1,None,4,150,123,0.82,None,None
0,offline,1,None,5,150,121,0.8066666666666666,None,None
0,sg-cgan,1,1,1,150,150,1.0,2.0429892539978027,286.53031730651855
0,sg-cgan,1,2,1,150,62,0.41333333333333333,3.689119577407837,561.1602461338043
0,sg-cgan,1,2,2,150,110,0.7333333333333333,3.689119577407837,561.1602461338043
0,sg-cgan,1,3,1,150,0,0.0,3.9155941009521484,568.7251124382019
0,sg-cgan,1,3,2,150,99,0.66,3.9155941009521484,568.7251124382019
0,sg-cgan,1,3,3,150,150,1.0,3.9155941009521484,568.7251124382019
0,sg-cgan,1,4,1,150,0,0.0,3.768942356109619,559.4323694705963
0,sg-cgan,1,4,2,150,0,0.0,3.768942356109619,559.4323694705963
0,sg-cgan,1,4,3,150,98,0.6533333333333333,3.768942356109619,559.4323694705963
0,sg-cgan,1,4,4,150,150,1.0,3.768942356109619,559.4323694705963
0,sg-cgan,1,5,1,150,0,0.0,3.7931582927703857,564.7334342002869
0,sg-cgan,1,5,2,150,3,0.02,3.7931582927703857,564.7334342002869
0,sg-cgan,1,5,3,150,30,0.2,3.7931582927703857,564.7334342002869
0,sg-cgan,1,5,4,150,92,0.6133333333333333,3.7931582927703857,564.7334342002869
0,sg-cgan,1,5,5,150,150,1.0,3.7931582927703857,564.7334342002869
0,offline,2,5,1,150,105,0.7,4.775881290435791,1900.4318141937256
0,offline,2,5,2,150,1,0.006666666666666667,4.775881290435791,1900.4318141937256
0,offline,2,5,3,150,149,0.9933333333333333,4.775881290435791,1900.4318141937256
0,offline,2,5,4,150,123,0.82,4.775881290435791,1900.4318141937256
0,offline,2,5,5,150,121,0.8066666666666666,4.775881290435791,1900.4318141937256
0,sg-cgan,2,1,1,150,150,1.0,2.0736007690429688,286.2214455604553
0,sg-cgan,2,2,1,150,57,0.38,3.766590118408203,568.5279705524445
0,sg-cgan,2,2,2,150,93,0.62,3.766590118408203,568.5279705524445
0,sg-cgan,2,3,1,150,13,0.08666666666666667,3.7781784534454346,570.0631268024445
0,sg-cgan,2,3,2,150,122,0.8133333333333334,3.7781784534454346,570.0631268024445
0,sg-cgan,2,3,3,150,149,0.9933333333333333,3.7781784534454346,570.0631268024445
0,sg-cgan,2,4,1,150,0,0.0,3.81191086769104,571.3385002613068
0,sg-cgan,2,4,2,150,0,0.0,3.81191086769104,571.3385002613068
0,sg-cgan,2,4,3,150,44,0.29333333333333333,3.81191086769104,571.3385002613068
0,sg-cgan,2,4,4,150,150,1.0,3.81191086769104,571.3385002613068
0,sg-cgan,2,5,1,150,0,0.0,3.759500026702881,565.6527705192566
0,sg-cgan,2,5,2,150,0,0.0,3.759500026702881,565.6527705192566
0,sg-cgan,2,5,3,150,50,0.3333333333333333,3.759500026702881,565.6527705192566
0,sg-cgan,2,5,4,150,118,0.7866666666666666,3.759500026702881,565.6527705192566
0,sg-cgan,2,5,5,150,150,1.0,3.759500026702881,565.6527705192566
0,offline,3,5,1,150,105,0.7,4.615410804748535,1861.5514433383942
0,offline,3,5,2,150,1,0.006666666666666667,4.615410804748535,1861.5514433383942
0,offline,3,5,3,150,149,0.9933333333333333,4.615410804748535,1861.5514433383942
0,offline,3,5,4,150,123,0.82,4.615410804748535,1861.5514433383942
0,offline,3,5,5,150,121,0.8066666666666666,4.615410804748535,1861.5514433383942
0,sg-cgan,3,1,1,150,150,1.0,4.204657554626465,671.4159409999847
0,sg-cgan,3,2,1,150,70,0.4666666666666667,6.331071376800537,1306.5191853046417
0,sg-cgan,3,2,2,150,122,0.8133333333333334,6.331071376800537,1306.5191853046417
0,sg-cgan,3,3,1,150,1,0.006666666666666667,6.154228448867798,1320.9337348937988
0,sg-cgan,3,3,2,150,115,0.7666666666666667,6.154228448867798,1320.9337348937988
0,sg-cgan,3,3,3,150,149,0.9933333333333333,6.154228448867798,1320.9337348937988
0,sg-cgan,3,4,1,150,23,0.15333333333333332,6.039048194885254,1329.6354913711548
0,sg-cgan,3,4,2,150,0,0.0,6.039048194885254,1329.6354913711548
0,sg-cgan,3,4,3,150,118,0.7866666666666666,6.039048194885254,1329.6354913711548
0,sg-cgan,3,4,4,150,149,0.9933333333333333,6.039048194885254,1329.6354913711548
0,sg-cgan,3,5,1,150,6,0.04,6.061232328414917,1292.2651236057281
0,sg-cgan,3,5,2,150,38,0.25333333333333335,6.061232328414917,1292.2651236057281
0,sg-cgan,3,5,3,150,13,0.08666666666666667,6.061232328414917,1292.2651236057281
0,sg-cgan,3,5,4,150,88,0.5866666666666667,6.061232328414917,1292.2651236057281
0,sg-cgan,3,5,5,150,150,1.0,6.061232328414917,1292.2651236057281
0,offline,4,5,1,150,105,0.7,6.137897491455078,1817.395676612854
0,offline,4,5,2,150,1,0.006666666666666667,6.137897491455078,1817.395676612854
0,offline,4,5,3,150,149,0.9933333333333333,6.137897491455078,1817.395676612854
0,offline,4,5,4,150,123,0.82,6.137897491455078,1817.395676612854
0,offline,4,5,5,150,121,0.8066666666666666,6.137897491455078,1817.395676612854
0,sg-cgan,4,1,1,150,150,1.0,2.7812039852142334,659.6534631252289
0,sg-cgan,4,2,1,150,150,1.0,5.457958459854126,1294.151763677597
0,sg-cgan,4,2,2,150,0,0.0,5.457958459854126,1294.151763677597
0,sg-cgan,4,3,1,150,128,0.8533333333333334,5.299699544906616,1280.4321649074554
0,sg-cgan,4,3,2,150,0,0.0,5.299699544906616,1280.4321649074554
0,sg-cgan,4,3,3,150,140,0.9333333333333333,5.299699544906616,1280.4321649074554
0,sg-cgan,4,4,1,150,67,0.44666666666666666,5.265990972518921,1277.2229537963867
0,sg-cgan,4,4,2,150,0,0.0,5.265990972518921,1277.2229537963867
0,sg-cgan,4,4,3,150,140,0.9333333333333333,5.265990972518921,1277.2229537963867
0,sg-cgan,4,4,4,150,130,0.8666666666666667,5.265990972518921,1277.2229537963867
0,sg-cgan,4,5,1,150,39,0.26,5.388779878616333,1273.4171123504639
0,sg-cgan,4,5,2,150,0,0.0,5.388779878616333,1273.4171123504639
0,sg-cgan,4,5,3,150,138,0.92,5.388779878616333,1273.4171123504639
0,sg-cgan,4,5,4,150,94,0.6266666666666667,5.388779878616333,1273.4171123504639
0,sg-cgan,4,5,5,150,144,0.96,5.388779878616333,1273.4171123504639
0,offline,5,5,1,150,105,0.7,5.231943130493164,1778.6584820747375
0,offline,5,5,2,150,1,0.006666666666666667,5.231943130493164,1778.6584820747375
0,offline,5,5,3,150,149,0.9933333333333333,5.231943130493164,1778.6584820747375
0,offline,5,5,4,150,123,0.82,5.231943130493164,1778.6584820747375
0,offline,5,5,5,150,121,0.8066666666666666,5.231943130493164,1778.6584820747375
0,sg-cgan,5,1,1,150,150,1.0,2.7225053310394287,633.8578205108643
0,sg-cgan,5,2,1,150,27,0.18,4.562371492385864,1296.918942451477
0,sg-cgan,5,2,2,150,94,0.6266666666666667,4.562371492385864,1296.918942451477
0,sg-cgan,5,3,1,150,0,0.0,4.6909778118133545,1277.878430366516
0,sg-cgan,5,3,2,150,102,0.68,4.6909778118133545,1277.878430366516
0,sg-cgan,5,3,3,150,149,0.9933333333333333,4.6909778118133545,1277.878430366516
0,sg-cgan,5,4,1,150,0,0.0,4.607466220855713,1298.4926671981812
0,sg-cgan,5,4,2,150,0,0.0,4.607466220855713,1298.4926671981812
0,sg-cgan,5,4,3,150,79,0.5266666666666666,4.607466220855713,1298.4926671981812
0,sg-cgan,5,4,4,150,150,1.0,4.607466220855713,1298.4926671981812
0,sg-cgan,5,5,1,150,0,0.0,4.697429656982422,1278.3398892879486
0,sg-cgan,5,5,2,150,0,0.0,4.697429656982422,1278.3398892879486
0,sg-cgan,5,5,3,150,55,0.36666666666666664,4.697429656982422,1278.3398892879486
0,sg-cgan,5,5,4,150,78,0.52,4.697429656982422,1278.3398892879486
0,sg-cgan,5,5,5,150,150,1.0,4.697429656982422,1278.3398892879486
0,offline,6,5,1,150,139,0.9266666666666666,3.7931582927703857,564.7334342002869
0,offline,6,5,2,150,50,0.3333333333333333,3.7931582927703857,564.7334342002869
0,offline,6,5,3,150,148,0.9866666666666667,3.7931582927703857,564.7334342002869
0,offline,6,5,4,150,82,0.5466666666666666,3.7931582927703857,564.7334342002869
0,offline,6,5,5,150,150,1.0,3.7931582927703857,564.7334342002869
0,sg-cgan,6,1,1,150,150,1.0,2.003504991531372,291.72572135925293
0,sg-cgan,6,2,1,150,150,1.0,4.228840351104736,582.7362370491028
0,sg-cgan,6,2,2,150,0,0.0,4.228840351104736,582.7362370491028
0,sg-cgan,6,3,1,150,126,0.84,4.287853002548218,580.4941658973694
0,sg-cgan,6,3,2,150,0,0.0,4.287853002548218,580.4941658973694
0,sg-cgan,6,3,3,150,132,0.88,4.287853002548218,580.4941658973694
0,sg-cgan,6,4,1,150,77,0.5133333333333333,4.30892539024353,578.5010061264038
0,sg-cgan,6,4,2,150,0,0.0,4.30892539024353,578.5010061264038
0,sg-cgan,6,4,3,150,144,0.96,4.30892539024353,578.5010061264038
0,sg-cgan,6,4,4,150,50,0.3333333333333333,4.30892539024353,578.5010061264038
0,sg-cgan,6,5,1,150,80,0.5333333333333333,4.3392510414123535,577.7991781234741
0,sg-cgan,6,5,2,150,0,0.0,4.3392510414123535,577.7991781234741
0,sg-cgan,6,5,3,150,133,0.8866666666666667,4.3392510414123535,577.7991781234741
0,sg-cgan,6,5,4,150,30,0.2,4.3392510414123535,577.7991781234741
0,sg-cgan,6,5,5,150,145,0.9666666666666667,4.3392510414123535,577.7991781234741
1,offline,0,None,1,150,84,0.56,None,None
1,offline,0,None,2,150,142,0.9466666666666667,None,None
1,offline,0,None,3,150,134,0.8933333333333333,None,None
1,offline,0,None,4,150,77,0.5133333333333333,None,None
1,offline,0,None,5,150,121,0.8066666666666666,None,None
1,sg-cgan,0,1,1,150,150,1.0,2.2459897994995117,369.26760601997375
1,sg-cgan,0,2,1,150,0,0.0,4.045164108276367,745.6064500808716
1,sg-cgan,0,2,2,150,150,1.0,4.045164108276367,745.6064500808716
1,sg-cgan,0,3,1,150,0,0.0,4.045251131057739,701.5652914047241
1,sg-cgan,0,3,2,150,131,0.8733333333333333,4.045251131057739,701.5652914047241
1,sg-cgan,0,3,3,150,150,1.0,4.045251131057739,701.5652914047241
1,sg-cgan,0,4,1,150,0,0.0,4.064868450164795,706.2737827301025
1,sg-cgan,0,4,2,150,76,0.5066666666666667,4.064868450164795,706.2737827301025
1,sg-cgan,0,4,3,150,67,0.44666666666666666,4.064868450164795,706.2737827301025
1,sg-cgan,0,4,4,150,150,1.0,4.064868450164795,706.2737827301025
1,sg-cgan,0,5,1,150,0,0.0,3.925424575805664,709.8899967670441
1,sg-cgan,0,5,2,150,76,0.5066666666666667,3.925424575805664,709.8899967670441
1,sg-cgan,0,5,3,150,20,0.13333333333333333,3.925424575805664,709.8899967670441
1,sg-cgan,0,5,4,150,23,0.15333333333333332,3.925424575805664,709.8899967670441
1,sg-cgan,0,5,5,150,150,1.0,3.925424575805664,709.8899967670441
1,offline,1,None,1,150,84,0.56,None,None
1,offline,1,None,2,150,142,0.9466666666666667,None,None
1,offline,1,None,3,150,134,0.8933333333333333,None,None
1,offline,1,None,4,150,77,0.5133333333333333,None,None
1,offline,1,None,5,150,121,0.8066666666666666,None,None
1,sg-cgan,1,1,1,150,150,1.0,2.0426669120788574,292.3296194076538
1,sg-cgan,1,2,1,150,97,0.6466666666666666,3.695507764816284,561.9897327423096
1,sg-cgan,1,2,2,150,150,1.0,3.695507764816284,561.9897327423096
1,sg-cgan,1,3,1,150,0,0.0,3.7145817279815674,557.0457508563995
1,sg-cgan,1,3,2,150,48,0.32,3.7145817279815674,557.0457508563995
1,sg-cgan,1,3,3,150,150,1.0,3.7145817279815674,557.0457508563995
1,sg-cgan,1,4,1,150,0,0.0,3.6880950927734375,572.1091065406799
1,sg-cgan,1,4,2,150,74,0.49333333333333335,3.6880950927734375,572.1091065406799
1,sg-cgan,1,4,3,150,41,0.2733333333333333,3.6880950927734375,572.1091065406799
1,sg-cgan,1,4,4,150,150,1.0,3.6880950927734375,572.1091065406799
1,sg-cgan,1,5,1,150,0,0.0,3.7854909896850586,563.205456495285
1,sg-cgan,1,5,2,150,65,0.43333333333333335,3.7854909896850586,563.205456495285
1,sg-cgan,1,5,3,150,16,0.10666666666666667,3.7854909896850586,563.205456495285
1,sg-cgan,1,5,4,150,9,0.06,3.7854909896850586,563.205456495285
1,sg-cgan,1,5,5,150,150,1.0,3.7854909896850586,563.205456495285
1,offline,2,5,1,150,84,0.56,4.076671838760376,966.849663734436
1,offline,2,5,2,150,142,0.9466666666666667,4.076671838760376,966.849663734436
1,offline,2,5,3,150,134,0.8933333333333333,4.076671838760376,966.849663734436
1,offline,2,5,4,150,77,0.5133333333333333,4.076671838760376,966.849663734436
1,offline,2,5,5,150,121,0.8066666666666666,4.076671838760376,966.849663734436
1,sg-cgan,2,1,1,150,150,1.0,2.044804811477661,288.86867237091064
1,sg-cgan,2,2,1,150,150,1.0,3.751521587371826,572.0694403648376
1,sg-cgan,2,2,2,150,150,1.0,3.751521587371826,572.0694403648376
1,sg-cgan,2,3,1,150,51,0.34,3.739198923110962,2985.599007844925
1,sg-cgan,2,3,2,150,121,0.8066666666666666,3.739198923110962,2985.599007844925
1,sg-cgan,2,3,3,150,150,1.0,3.739198923110962,2985.599007844925
1,sg-cgan,2,4,1,150,0,0.0,3.7671761512756348,576.8874464035034
1,sg-cgan,2,4,2,150,63,0.42,3.7671761512756348,576.8874464035034
1,sg-cgan,2,4,3,150,0,0.0,3.7671761512756348,576.8874464035034
1,sg-cgan,2,4,4,150,150,1.0,3.7671761512756348,576.8874464035034
1,sg-cgan,2,5,1,150,0,0.0,3.776846170425415,575.5505666732788
1,sg-cgan,2,5,2,150,61,0.4066666666666667,3.776846170425415,575.5505666732788
1,sg-cgan,2,5,3,150,0,0.0,3.776846170425415,575.5505666732788
1,sg-cgan,2,5,4,150,0,0.0,3.776846170425415,575.5505666732788
1,sg-cgan,2,5,5,150,150,1.0,3.776846170425415,575.5505666732788
1,offline,3,5,1,150,84,0.56,4.081611394882202,963.861599445343
1,offline,3,5,2,150,142,0.9466666666666667,4.081611394882202,963.861599445343
1,offline,3,5,3,150,134,0.8933333333333333,4.081611394882202,963.861599445343
1,offline,3,5,4,150,77,0.5133333333333333,4.081611394882202,963.861599445343
1,offline,3,5,5,150,121,0.8066666666666666,4.081611394882202,963.861599445343
1,sg-cgan,3,1,1,150,150,1.0,3.3393490314483643,355.09255623817444
1,sg-cgan,3,2,1,150,140,0.9333333333333333,5.237732410430908,698.9045286178589
1,sg-cgan,3,2,2,150,150,1.0,5.237732410430908,698.9045286178589
1,sg-cgan,3,3,1,150,21,0.14,5.230963468551636,705.4465491771698
1,sg-cgan,3,3,2,150,133,0.8866666666666667,5.230963468551636,705.4465491771698
1,sg-cgan,3,3,3,150,150,1.0,5.230963468551636,705.4465491771698
1,sg-cgan,3,4,1,150,0,0.0,5.27804970741272,722.5280754566193
1,sg-cgan,3,4,2,150,0,0.0,5.27804970741272,722.5280754566193
1,sg-cgan,3,4,3,150,0,0.0,5.27804970741272,722.5280754566193
1,sg-cgan,3,4,4,150,150,1.0,5.27804970741272,722.5280754566193
1,sg-cgan,3,5,1,150,0,0.0,5.273592710494995,717.2440097332001
1,sg-cgan,3,5,2,150,5,0.03333333333333333,5.273592710494995,717.2440097332001
1,sg-cgan,3,5,3,150,0,0.0,5.273592710494995,717.2440097332001
1,sg-cgan,3,5,4,150,0,0.0,5.273592710494995,717.2440097332001
1,sg-cgan,3,5,5,150,150,1.0,5.273592710494995,717.2440097332001
1,offline,4,5,1,150,84,0.56,5.268506288528442,1297.5220427513123
1,offline,4,5,2,150,142,0.9466666666666667,5.268506288528442,1297.5220427513123
1,offline,4,5,3,150,134,0.8933333333333333,5.268506288528442,1297.5220427513123
1,offline,4,5,4,150,77,0.5133333333333333,5.268506288528442,1297.5220427513123
1,offline,4,5,5,150,121,0.8066666666666666,5.268506288528442,1297.5220427513123
1,sg-cgan,4,1,1,150,150,1.0,2.247070789337158,365.86338448524475
1,sg-cgan,4,2,1,150,0,0.0,4.642024278640747,740.0771286487579
1,sg-cgan,4,2,2,150,150,1.0,4.642024278640747,740.0771286487579
1,sg-cgan,4,3,1,150,0,0.0,4.63306736946106,707.3752658367157
1,sg-cgan,4,3,2,150,117,0.78,4.63306736946106,707.3752658367157
1,sg-cgan,4,3,3,150,149,0.9933333333333333,4.63306736946106,707.3752658367157
1,sg-cgan,4,4,1,150,0,0.0,4.625105142593384,708.1510305404663
1,sg-cgan,4,4,2,150,91,0.6066666666666667,4.625105142593384,708.1510305404663
1,sg-cgan,4,4,3,150,113,0.7533333333333333,4.625105142593384,708.1510305404663
1,sg-cgan,4,4,4,150,101,0.6733333333333333,4.625105142593384,708.1510305404663
1,sg-cgan,4,5,1,150,0,0.0,4.63793158531189,704.964212179184
1,sg-cgan,4,5,2,150,71,0.47333333333333333,4.63793158531189,704.964212179184
1,sg-cgan,4,5,3,150,56,0.37333333333333335,4.63793158531189,704.964212179184
1,sg-cgan,4,5,4,150,5,0.03333333333333333,4.63793158531189,704.964212179184
1,sg-cgan,4,5,5,150,149,0.9933333333333333,4.63793158531189,704.964212179184
1,offline,5,5,1,150,84,0.56,4.673801898956299,965.4378983974457
1,offline,5,5,2,150,142,0.9466666666666667,4.673801898956299,965.4378983974457
1,offline,5,5,3,150,134,0.8933333333333333,4.673801898956299,965.4378983974457
1,offline,5,5,4,150,77,0.5133333333333333,4.673801898956299,965.4378983974457
1,offline,5,5,5,150,121,0.8066666666666666,4.673801898956299,965.4378983974457
1,sg-cgan,5,1,1,150,150,1.0,2.2279865741729736,361.4010157585144
1,sg-cgan,5,2,1,150,149,0.9933333333333333,4.019897699356079,706.4410209655762
1,sg-cgan,5,2,2,150,150,1.0,4.019897699356079,706.4410209655762
1,sg-cgan,5,3,1,150,0,0.0,4.017949104309082,709.3556439876556
1,sg-cgan,5,3,2,150,141,0.94,4.017949104309082,709.3556439876556
1,sg-cgan,5,3,3,150,150,1.0,4.017949104309082,709.3556439876556
1,sg-cgan,5,4,1,150,0,0.0,3.9377031326293945,714.6445262432098
1,sg-cgan,5,4,2,150,66,0.44,3.9377031326293945,714.6445262432098
1,sg-cgan,5,4,3,150,60,0.4,3.9377031326293945,714.6445262432098
1,sg-cgan,5,4,4,150,150,1.0,3.9377031326293945,714.6445262432098
1,sg-cgan,5,5,1,150,0,0.0,4.063299655914307,709.149938583374
1,sg-cgan,5,5,2,150,63,0.42,4.063299655914307,709.149938583374
1,sg-cgan,5,5,3,150,42,0.28,4.063299655914307,709.149938583374
1,sg-cgan,5,5,4,150,8,0.05333333333333334,4.063299655914307,709.149938583374
1,sg-cgan,5,5,5,150,150,1.0,4.063299655914307,709.149938583374
1,offline,6,5,1,150,78,0.52,3.7854909896850586,563.205456495285
1,offline,6,5,2,150,150,1.0,3.7854909896850586,563.205456495285
1,offline,6,5,3,150,143,0.9533333333333334,3.7854909896850586,563.205456495285
1,offline,6,5,4,150,26,0.17333333333333334,3.7854909896850586,563.205456495285
1,offline,6,5,5,150,116,0.7733333333333333,3.7854909896850586,563.205456495285
1,sg-cgan,6,1,1,150,150,1.0,2.0299391746520996,287.9264106750488
1,sg-cgan,6,2,1,150,150,1.0,4.290771961212158,574.9358999729156
1,sg-cgan,6,2,2,150,150,1.0,4.290771961212158,574.9358999729156
1,sg-cgan,6,3,1,150,126,0.84,4.24378514289856,573.9623157978058
1,sg-cgan,6,3,2,150,145,0.9666666666666667,4.24378514289856,573.9623157978058
1,sg-cgan,6,3,3,150,54,0.36,4.24378514289856,573.9623157978058
1,sg-cgan,6,4,1,150,125,0.8333333333333334,4.291452884674072,572.0628502368927
1,sg-cgan,6,4,2,150,98,0.6533333333333333,4.291452884674072,572.0628502368927
1,sg-cgan,6,4,3,150,63,0.42,4.291452884674072,572.0628502368927
1,sg-cgan,6,4,4,150,74,0.49333333333333335,4.291452884674072,572.0628502368927
1,sg-cgan,6,5,1,150,125,0.8333333333333334,4.351277589797974,571.208966255188
1,sg-cgan,6,5,2,150,82,0.5466666666666666,4.351277589797974,571.208966255188
1,sg-cgan,6,5,3,150,50,0.3333333333333333,4.351277589797974,571.208966255188
1,sg-cgan,6,5,4,150,15,0.1,4.351277589797974,571.208966255188
1,sg-cgan,6,5,5,150,86,0.5733333333333334,4.351277589797974,571.208966255188
2,offline,0,None,1,200,63,0.315,None,None
2,offline,0,None,2,200,194,0.97,None,None
2,offline,0,None,3,150,38,0.25333333333333335,None,None
2,offline,0,None,4,150,145,0.9666666666666667,None,None
2,offline,0,None,5,150,146,0.9733333333333334,None,None
2,sg-cgan,0,1,1,200,181,0.905,2.2266528606414795,356.0706226825714
2,sg-cgan,0,2,1,200,168,0.84,3.880232334136963,719.9032955169678
2,sg-cgan,0,2,2,200,200,1.0,3.880232334136963,719.9032955169678
2,sg-cgan,0,3,1,200,1,0.005,4.032472610473633,683.1773488521576
2,sg-cgan,0,3,2,200,156,0.78,4.032472610473633,683.1773488521576
2,sg-cgan,0,3,3,150,150,1.0,4.032472610473633,683.1773488521576
2,sg-cgan,0,4,1,200,0,0.0,4.042623519897461,704.5445837974548
2,sg-cgan,0,4,2,200,83,0.415,4.042623519897461,704.5445837974548
2,sg-cgan,0,4,3,150,0,0.0,4.042623519897461,704.5445837974548
2,sg-cgan,0,4,4,150,150,1.0,4.042623519897461,704.5445837974548
2,sg-cgan,0,5,1,200,88,0.44,3.9627301692962646,703.8785634040833
2,sg-cgan,0,5,2,200,10,0.05,3.9627301692962646,703.8785634040833
2,sg-cgan,0,5,3,150,0,0.0,3.9627301692962646,703.8785634040833
2,sg-cgan,0,5,4,150,6,0.04,3.9627301692962646,703.8785634040833
2,sg-cgan,0,5,5,150,150,1.0,3.9627301692962646,703.8785634040833
2,offline,1,None,1,200,63,0.315,None,None
2,offline,1,None,2,200,194,0.97,None,None
2,offline,1,None,3,150,38,0.25333333333333335,None,None
2,offline,1,None,4,150,145,0.9666666666666667,None,None
2,offline,1,None,5,150,146,0.9733333333333334,None,None
2,sg-cgan,1,1,1,200,181,0.905,2.0217535495758057,282.56839752197266
2,sg-cgan,1,2,1,200,178,0.89,3.638326644897461,560.2249405384064
2,sg-cgan,1,2,2,200,200,1.0,3.638326644897461,560.2249405384064
2,sg-cgan,1,3,1,200,0,0.0,3.686861991882324,560.6949169635773
2,sg-cgan,1,3,2,200,195,0.975,3.686861991882324,560.6949169635773
2,sg-cgan,1,3,3,150,150,1.0,3.686861991882324,560.6949169635773
2,sg-cgan,1,4,1,200,1,0.005,3.7228050231933594,564.1865332126617
2,sg-cgan,1,4,2,200,183,0.915,3.7228050231933594,564.1865332126617
2,sg-cgan,1,4,3,150,12,0.08,3.7228050231933594,564.1865332126617
2,sg-cgan,1,4,4,150,149,0.9933333333333333,3.7228050231933594,564.1865332126617
2,sg-cgan,1,5,1,200,16,0.08,3.7304437160491943,556.758590221405
2,sg-cgan,1,5,2,200,110,0.55,3.7304437160491943,556.758590221405
2,sg-cgan,1,5,3,150,29,0.19333333333333333,3.7304437160491943,556.758590221405
2,sg-cgan,1,5,4,150,85,0.5666666666666667,3.7304437160491943,556.758590221405
2,sg-cgan,1,5,5,150,149,0.9933333333333333,3.7304437160491943,556.758590221405
2,offline,2,5,1,200,63,0.315,3.744349956512451,770.3727359771729
2,offline,2,5,2,200,194,0.97,3.744349956512451,770.3727359771729
2,offline,2,5,3,150,38,0.25333333333333335,3.744349956512451,770.3727359771729
2,offline,2,5,4,150,145,0.9666666666666667,3.744349956512451,770.3727359771729
2,offline,2,5,5,150,146,0.9733333333333334,3.744349956512451,770.3727359771729
2,sg-cgan,2,1,1,200,181,0.905,2.0494632720947266,287.3179614543915
2,sg-cgan,2,2,1,200,162,0.81,3.6820082664489746,567.3451864719391
2,sg-cgan,2,2,2,200,200,1.0,3.6820082664489746,567.3451864719391
2,sg-cgan,2,3,1,200,0,0.0,3.7410411834716797,2583.204172372818
2,sg-cgan,2,3,2,200,194,0.97,3.7410411834716797,2583.204172372818
2,sg-cgan,2,3,3,150,150,1.0,3.7410411834716797,2583.204172372818
2,sg-cgan,2,4,1,200,0,0.0,3.761359930038452,582.3845510482788
2,sg-cgan,2,4,2,200,85,0.425,3.761359930038452,582.3845510482788
2,sg-cgan,2,4,3,150,0,0.0,3.761359930038452,582.3845510482788
2,sg-cgan,2,4,4,150,150,1.0,3.761359930038452,582.3845510482788
2,sg-cgan,2,5,1,200,0,0.0,3.7337687015533447,579.2068557739258
2,sg-cgan,2,5,2,200,17,0.085,3.7337687015533447,579.2068557739258
2,sg-cgan,2,5,3,150,0,0.0,3.7337687015533447,579.2068557739258
2,sg-cgan,2,5,4,150,0,0.0,3.7337687015533447,579.2068557739258
2,sg-cgan,2,5,5,150,149,0.9933333333333333,3.7337687015533447,579.2068557739258
2,offline,3,5,1,200,63,0.315,3.774629592895508,754.8404438495636
2,offline,3,5,2,200,194,0.97,3.774629592895508,754.8404438495636
2,offline,3,5,3,150,38,0.25333333333333335,3.774629592895508,754.8404438495636
2,offline,3,5,4,150,145,0.9666666666666667,3.774629592895508,754.8404438495636
2,offline,3,5,5,150,146,0.9733333333333334,3.774629592895508,754.8404438495636
2,sg-cgan,3,1,1,200,180,0.9,3.155358076095581,287.5062928199768
2,sg-cgan,3,2,1,200,164,0.82,4.792948007583618,561.1562366485596
2,sg-cgan,3,2,2,200,200,1.0,4.792948007583618,561.1562366485596
2,sg-cgan,3,3,1,200,1,0.005,4.8152852058410645,571.3434293270111
2,sg-cgan,3,3,2,200,37,0.185,4.8152852058410645,571.3434293270111
2,sg-cgan,3,3,3,150,150,1.0,4.8152852058410645,571.3434293270111
2,sg-cgan,3,4,1,200,7,0.035,4.926730155944824,801.0980298519135
2,sg-cgan,3,4,2,200,29,0.145,4.926730155944824,801.0980298519135
2,sg-cgan,3,4,3,150,9,0.06,4.926730155944824,801.0980298519135
2,sg-cgan,3,4,4,150,150,1.0,4.926730155944824,801.0980298519135
2,sg-cgan,3,5,1,200,0,0.0,4.947946786880493,624.0510499477386
2,sg-cgan,3,5,2,200,0,0.0,4.947946786880493,624.0510499477386
2,sg-cgan,3,5,3,150,0,0.0,4.947946786880493,624.0510499477386
2,sg-cgan,3,5,4,150,0,0.0,4.947946786880493,624.0510499477386
2,sg-cgan,3,5,5,150,150,1.0,4.947946786880493,624.0510499477386
2,offline,4,5,1,200,63,0.315,4.8685302734375,760.0037252902985
2,offline,4,5,2,200,194,0.97,4.8685302734375,760.0037252902985
2,offline,4,5,3,150,38,0.25333333333333335,4.8685302734375,760.0037252902985
2,offline,4,5,4,150,145,0.9666666666666667,4.8685302734375,760.0037252902985
2,offline,4,5,5,150,146,0.9733333333333334,4.8685302734375,760.0037252902985
2,sg-cgan,4,1,1,200,181,0.905,2.0649733543395996,292.3595983982086
2,sg-cgan,4,2,1,200,179,0.895,4.289644479751587,564.3114726543427
2,sg-cgan,4,2,2,200,200,1.0,4.289644479751587,564.3114726543427
2,sg-cgan,4,3,1,200,10,0.05,4.306353569030762,545.4511263370514
2,sg-cgan,4,3,2,200,195,0.975,4.306353569030762,545.4511263370514
2,sg-cgan,4,3,3,150,150,1.0,4.306353569030762,545.4511263370514
2,sg-cgan,4,4,1,200,0,0.0,4.300277233123779,569.8205044269562
2,sg-cgan,4,4,2,200,94,0.47,4.300277233123779,569.8205044269562
2,sg-cgan,4,4,3,150,0,0.0,4.300277233123779,569.8205044269562
2,sg-cgan,4,4,4,150,150,1.0,4.300277233123779,569.8205044269562
2,sg-cgan,4,5,1,200,117,0.585,4.269233226776123,571.5940392017365
2,sg-cgan,4,5,2,200,53,0.265,4.269233226776123,571.5940392017365
2,sg-cgan,4,5,3,150,0,0.0,4.269233226776123,571.5940392017365
2,sg-cgan,4,5,4,150,58,0.38666666666666666,4.269233226776123,571.5940392017365
2,sg-cgan,4,5,5,150,144,0.96,4.269233226776123,571.5940392017365
2,offline,5,5,1,200,63,0.315,4.306802272796631,757.7013683319092
2,offline,5,5,2,200,194,0.97,4.306802272796631,757.7013683319092
2,offline,5,5,3,150,38,0.25333333333333335,4.306802272796631,757.7013683319092
2,offline,5,5,4,150,145,0.9666666666666667,4.306802272796631,757.7013683319092
2,offline,5,5,5,150,146,0.9733333333333334,4.306802272796631,757.7013683319092
2,sg-cgan,5,1,1,200,181,0.905,2.0219502449035645,291.1947343349457
2,sg-cgan,5,2,1,200,181,0.905,3.734314441680908,574.6659779548645
2,sg-cgan,5,2,2,200,200,1.0,3.734314441680908,574.6659779548645
2,sg-cgan,5,3,1,200,0,0.0,3.7195348739624023,578.1120603084564
2,sg-cgan,5,3,2,200,152,0.76,3.7195348739624023,578.1120603084564
2,sg-cgan,5,3,3,150,150,1.0,3.7195348739624023,578.1120603084564
2,sg-cgan,5,4,1,200,7,0.035,3.732686996459961,578.5175902843475
2,sg-cgan,5,4,2,200,168,0.84,3.732686996459961,578.5175902843475
2,sg-cgan,5,4,3,150,5,0.03333333333333333,3.732686996459961,578.5175902843475
2,sg-cgan,5,4,4,150,150,1.0,3.732686996459961,578.5175902843475
2,sg-cgan,5,5,1,200,6,0.03,3.7975597381591797,574.6879258155823
2,sg-cgan,5,5,2,200,14,0.07,3.7975597381591797,574.6879258155823
2,sg-cgan,5,5,3,150,37,0.24666666666666667,3.7975597381591797,574.6879258155823
2,sg-cgan,5,5,4,150,102,0.68,3.7975597381591797,574.6879258155823
2,sg-cgan,5,5,5,150,146,0.9733333333333334,3.7975597381591797,574.6879258155823
2,offline,6,5,1,200,91,0.455,3.7304437160491943,556.758590221405
2,offline,6,5,2,200,200,1.0,3.7304437160491943,556.758590221405
2,offline,6,5,3,150,97,0.6466666666666666,3.7304437160491943,556.758590221405
2,offline,6,5,4,150,72,0.48,3.7304437160491943,556.758590221405
2,offline,6,5,5,150,77,0.5133333333333333,3.7304437160491943,556.758590221405
2,sg-cgan,6,1,1,200,181,0.905,2.051220655441284,289.14448714256287
2,sg-cgan,6,2,1,200,178,0.89,4.289230108261108,571.5910465717316
2,sg-cgan,6,2,2,200,200,1.0,4.289230108261108,571.5910465717316
2,sg-cgan,6,3,1,200,36,0.18,4.325873374938965,587.9361226558685
2,sg-cgan,6,3,2,200,195,0.975,4.325873374938965,587.9361226558685
2,sg-cgan,6,3,3,150,144,0.96,4.325873374938965,587.9361226558685
2,sg-cgan,6,4,1,200,13,0.065,4.295257806777954,584.9341847896576
2,sg-cgan,6,4,2,200,195,0.975,4.295257806777954,584.9341847896576
2,sg-cgan,6,4,3,150,44,0.29333333333333333,4.295257806777954,584.9341847896576
2,sg-cgan,6,4,4,150,149,0.9933333333333333,4.295257806777954,584.9341847896576
2,sg-cgan,6,5,1,200,0,0.0,4.271322727203369,572.9604382514954
2,sg-cgan,6,5,2,200,174,0.87,4.271322727203369,572.9604382514954
2,sg-cgan,6,5,3,150,42,0.28,4.271322727203369,572.9604382514954
2,sg-cgan,6,5,4,150,147,0.98,4.271322727203369,572.9604382514954
2,sg-cgan,6,5,5,150,142,0.9466666666666667,4.271322727203369,572.9604382514954
5,offline,0,None,1,150,114,0.76,None,None
5,offline,0,None,2,150,55,0.36666666666666664,None,None
5,offline,0,None,3,150,117,0.78,None,None
5,offline,0,None,4,150,121,0.8066666666666666,None,None
5,offline,0,None,5,150,150,1.0,None,None
5,sg-cgan,0,1,1,150,143,0.9533333333333334,2.0438930988311768,280.32074332237244
5,sg-cgan,0,2,1,150,142,0.9466666666666667,3.64284348487854,551.0601632595062
5,sg-cgan,0,2,2,150,127,0.8466666666666667,3.64284348487854,551.0601632595062
5,sg-cgan,0,3,1,150,8,0.05333333333333334,3.859710454940796,575.2974133491516
5,sg-cgan,0,3,2,150,8,0.05333333333333334,3.859710454940796,575.2974133491516
5,sg-cgan,0,3,3,150,150,1.0,3.859710454940796,575.2974133491516
5,sg-cgan,0,4,1,150,0,0.0,3.7230279445648193,579.6869323253632
5,sg-cgan,0,4,2,150,0,0.0,3.7230279445648193,579.6869323253632
5,sg-cgan,0,4,3,150,0,0.0,3.7230279445648193,579.6869323253632
5,sg-cgan,0,4,4,150,150,1.0,3.7230279445648193,579.6869323253632
5,sg-cgan,0,5,1,150,0,0.0,3.749340772628784,565.9978399276733
5,sg-cgan,0,5,2,150,0,0.0,3.749340772628784,565.9978399276733
5,sg-cgan,0,5,3,150,0,0.0,3.749340772628784,565.9978399276733
5,sg-cgan,0,5,4,150,107,0.7133333333333334,3.749340772628784,565.9978399276733
5,sg-cgan,0,5,5,150,150,1.0,3.749340772628784,565.9978399276733
5,offline,1,None,1,150,114,0.76,None,None
5,offline,1,None,2,150,55,0.36666666666666664,None,None
5,offline,1,None,3,150,117,0.78,None,None
5,offline,1,None,4,150,121,0.8066666666666666,None,None
5,offline,1,None,5,150,150,1.0,None,None
5,sg-cgan,1,1,1,150,143,0.9533333333333334,2.0333704948425293,284.4089641571045
5,sg-cgan,1,2,1,150,92,0.6133333333333333,3.669116735458374,560.7102010250092
5,sg-cgan,1,2,2,150,118,0.7866666666666666,3.669116735458374,560.7102010250092
5,sg-cgan,1,3,1,150,0,0.0,3.7731523513793945,557.7396597862244
5,sg-cgan,1,3,2,150,30,0.2,3.7731523513793945,557.7396597862244
5,sg-cgan,1,3,3,150,150,1.0,3.7731523513793945,557.7396597862244
5,sg-cgan,1,4,1,150,19,0.12666666666666668,3.74000883102417,561.5937557220459
5,sg-cgan,1,4,2,150,0,0.0,3.74000883102417,561.5937557220459
5,sg-cgan,1,4,3,150,49,0.32666666666666666,3.74000883102417,561.5937557220459
5,sg-cgan,1,4,4,150,150,1.0,3.74000883102417,561.5937557220459
5,sg-cgan,1,5,1,150,0,0.0,3.742328643798828,561.2081842422485
5,sg-cgan,1,5,2,150,7,0.04666666666666667,3.742328643798828,561.2081842422485
5,sg-cgan,1,5,3,150,1,0.006666666666666667,3.742328643798828,561.2081842422485
5,sg-cgan,1,5,4,150,134,0.8933333333333333,3.742328643798828,561.2081842422485
5,sg-cgan,1,5,5,150,150,1.0,3.742328643798828,561.2081842422485
5,offline,2,5,1,150,114,0.76,3.801403760910034,649.71191573143
5,offline,2,5,2,150,55,0.36666666666666664,3.801403760910034,649.71191573143
5,offline,2,5,3,150,117,0.78,3.801403760910034,649.71191573143
5,offline,2,5,4,150,121,0.8066666666666666,3.801403760910034,649.71191573143
5,offline,2,5,5,150,150,1.0,3.801403760910034,649.71191573143
5,sg-cgan,2,1,1,150,147,0.98,2.0405783653259277,289.17221331596375
5,sg-cgan,2,2,1,150,150,1.0,3.715566396713257,1497.9832139015198
5,sg-cgan,2,2,2,150,131,0.8733333333333333,3.715566396713257,1497.9832139015198
5,sg-cgan,2,3,1,150,0,0.0,3.7032814025878906,941.2508277893066
5,sg-cgan,2,3,2,150,0,0.0,3.7032814025878906,941.2508277893066
5,sg-cgan,2,3,3,150,150,1.0,3.7032814025878906,941.2508277893066
5,sg-cgan,2,4,1,150,0,0.0,3.7986977100372314,588.4436781406403
5,sg-cgan,2,4,2,150,0,0.0,3.7986977100372314,588.4436781406403
5,sg-cgan,2,4,3,150,0,0.0,3.7986977100372314,588.4436781406403
5,sg-cgan,2,4,4,150,150,1.0,3.7986977100372314,588.4436781406403
5,sg-cgan,2,5,1,150,0,0.0,3.7432291507720947,581.3232665061951
5,sg-cgan,2,5,2,150,0,0.0,3.7432291507720947,581.3232665061951
5,sg-cgan,2,5,3,150,0,0.0,3.7432291507720947,581.3232665061951
5,sg-cgan,2,5,4,150,0,0.0,3.7432291507720947,581.3232665061951
5,sg-cgan,2,5,5,150,150,1.0,3.7432291507720947,581.3232665061951
5,offline,3,5,1,150,114,0.76,3.771805763244629,564.8172612190247
5,offline,3,5,2,150,55,0.36666666666666664,3.771805763244629,564.8172612190247
5,offline,3,5,3,150,117,0.78,3.771805763244629,564.8172612190247
5,offline,3,5,4,150,121,0.8066666666666666,3.771805763244629,564.8172612190247
5,offline,3,5,5,150,150,1.0,3.771805763244629,564.8172612190247
5,sg-cgan,3,1,1,150,145,0.9666666666666667,3.210245132446289,281.77028703689575
5,sg-cgan,3,2,1,150,141,0.94,4.862246990203857,550.7826542854309
5,sg-cgan,3,2,2,150,131,0.8733333333333333,4.862246990203857,550.7826542854309
5,sg-cgan,3,3,1,150,47,0.31333333333333335,4.827049255371094,554.9691638946533
5,sg-cgan,3,3,2,150,22,0.14666666666666667,4.827049255371094,554.9691638946533
5,sg-cgan,3,3,3,150,150,1.0,4.827049255371094,554.9691638946533
5,sg-cgan,3,4,1,150,84,0.56,4.901716709136963,555.0993962287903
5,sg-cgan,3,4,2,150,0,0.0,4.901716709136963,555.0993962287903
5,sg-cgan,3,4,3,150,37,0.24666666666666667,4.901716709136963,555.0993962287903
5,sg-cgan,3,4,4,150,150,1.0,4.901716709136963,555.0993962287903
5,sg-cgan,3,5,1,150,27,0.18,4.90812873840332,553.4685952663422
5,sg-cgan,3,5,2,150,18,0.12,4.90812873840332,553.4685952663422
5,sg-cgan,3,5,3,150,29,0.19333333333333333,4.90812873840332,553.4685952663422
5,sg-cgan,3,5,4,150,135,0.9,4.90812873840332,553.4685952663422
5,sg-cgan,3,5,5,150,150,1.0,4.90812873840332,553.4685952663422
5,offline,4,5,1,150,114,0.76,4.90812873840332,553.4685952663422
5,offline,4,5,2,150,55,0.36666666666666664,4.90812873840332,553.4685952663422
5,offline,4,5,3,150,117,0.78,4.90812873840332,553.4685952663422
5,offline,4,5,4,150,121,0.8066666666666666,4.90812873840332,553.4685952663422
5,offline,4,5,5,150,150,1.0,4.90812873840332,553.4685952663422
5,sg-cgan,4,1,1,150,143,0.9533333333333334,2.0128016471862793,280.0368232727051
5,sg-cgan,4,2,1,150,130,0.8666666666666667,4.310320854187012,554.5958948135376
5,sg-cgan,4,2,2,150,66,0.44,4.310320854187012,554.5958948135376
5,sg-cgan,4,3,1,150,6,0.04,4.272819519042969,560.1441736221313
5,sg-cgan,4,3,2,150,19,0.12666666666666668,4.272819519042969,560.1441736221313
5,sg-cgan,4,3,3,150,150,1.0,4.272819519042969,560.1441736221313
5,sg-cgan,4,4,1,150,7,0.04666666666666667,4.344449281692505,586.5743546485901
5,sg-cgan,4,4,2,150,0,0.0,4.344449281692505,586.5743546485901
5,sg-cgan,4,4,3,150,5,0.03333333333333333,4.344449281692505,586.5743546485901
5,sg-cgan,4,4,4,150,150,1.0,4.344449281692505,586.5743546485901
5,sg-cgan,4,5,1,150,2,0.013333333333333334,4.25948166847229,563.1195363998413
5,sg-cgan,4,5,2,150,0,0.0,4.25948166847229,563.1195363998413
5,sg-cgan,4,5,3,150,2,0.013333333333333334,4.25948166847229,563.1195363998413
5,sg-cgan,4,5,4,150,128,0.8533333333333334,4.25948166847229,563.1195363998413
5,sg-cgan,4,5,5,150,150,1.0,4.25948166847229,563.1195363998413
5,offline,5,5,1,150,114,0.76,4.25948166847229,563.1195363998413
5,offline,5,5,2,150,55,0.36666666666666664,4.25948166847229,563.1195363998413
5,offline,5,5,3,150,117,0.78,4.25948166847229,563.1195363998413
5,offline,5,5,4,150,121,0.8066666666666666,4.25948166847229,563.1195363998413
5,offline,5,5,5,150,150,1.0,4.25948166847229,563.1195363998413
5,sg-cgan,5,1,1,150,144,0.96,2.0320992469787598,289.08366775512695
5,sg-cgan,5,2,1,150,127,0.8466666666666667,3.6823534965515137,561.9058022499084
5,sg-cgan,5,2,2,150,120,0.8,3.6823534965515137,561.9058022499084
5,sg-cgan,5,3,1,150,35,0.23333333333333334,3.77524471282959,567.9651126861572
5,sg-cgan,5,3,2,150,25,0.16666666666666666,3.77524471282959,567.9651126861572
5,sg-cgan,5,3,3,150,150,1.0,3.77524471282959,567.9651126861572
5,sg-cgan,5,4,1,150,61,0.4066666666666667,3.7061564922332764,566.0525622367859
5,sg-cgan,5,4,2,150,2,0.013333333333333334,3.7061564922332764,566.0525622367859
5,sg-cgan,5,4,3,150,59,0.3933333333333333,3.7061564922332764,566.0525622367859
5,sg-cgan,5,4,4,150,150,1.0,3.7061564922332764,566.0525622367859
5,sg-cgan,5,5,1,150,0,0.0,3.810499429702759,570.1382718086243
5,sg-cgan,5,5,2,150,6,0.04,3.810499429702759,570.1382718086243
5,sg-cgan,5,5,3,150,31,0.20666666666666667,3.810499429702759,570.1382718086243
5,sg-cgan,5,5,4,150,140,0.9333333333333333,3.810499429702759,570.1382718086243
5,sg-cgan,5,5,5,150,150,1.0,3.810499429702759,570.1382718086243
5,offline,6,5,1,150,94,0.6266666666666667,3.742328643798828,561.2081842422485
5,offline,6,5,2,150,97,0.6466666666666666,3.742328643798828,561.2081842422485
5,offline,6,5,3,150,91,0.6066666666666667,3.742328643798828,561.2081842422485
5,offline,6,5,4,150,79,0.5266666666666666,3.742328643798828,561.2081842422485
5,offline,6,5,5,150,148,0.9866666666666667,3.742328643798828,561.2081842422485
5,sg-cgan,6,1,1,150,147,0.98,2.0480868816375732,290.007123708725
5,sg-cgan,6,2,1,150,134,0.8933333333333333,4.276641845703125,571.7900195121765
5,sg-cgan,6,2,2,150,73,0.4866666666666667,4.276641845703125,571.7900195121765
5,sg-cgan,6,3,1,150,34,0.22666666666666666,4.287822723388672,588.7316224575043
5,sg-cgan,6,3,2,150,1,0.006666666666666667,4.287822723388672,588.7316224575043
5,sg-cgan,6,3,3,150,150,1.0,4.287822723388672,588.7316224575043
5,sg-cgan,6,4,1,150,1,0.006666666666666667,4.301869869232178,578.6684739589691
5,sg-cgan,6,4,2,150,0,0.0,4.301869869232178,578.6684739589691
5,sg-cgan,6,4,3,150,100,0.6666666666666666,4.301869869232178,578.6684739589691
5,sg-cgan,6,4,4,150,134,0.8933333333333333,4.301869869232178,578.6684739589691
5,sg-cgan,6,5,1,150,3,0.02,4.372263669967651,578.754004240036
5,sg-cgan,6,5,2,150,0,0.0,4.372263669967651,578.754004240036
5,sg-cgan,6,5,3,150,74,0.49333333333333335,4.372263669967651,578.754004240036
5,sg-cgan,6,5,4,150,137,0.9133333333333333,4.372263669967651,578.754004240036
5,sg-cgan,6,5,5,150,150,1.0,4.372263669967651,578.754004240036
6,offline,0,None,1,150,99,0.66,None,None
6,offline,0,None,2,150,94,0.6266666666666667,None,None
6,offline,0,None,3,200,187,0.935,None,None
6,offline,0,None,4,150,58,0.38666666666666666,None,None
6,offline,0,None,5,150,133,0.8866666666666667,None,None
6,sg-cgan,0,1,1,150,150,1.0,2.081660270690918,283.21261954307556
6,sg-cgan,0,2,1,150,50,0.3333333333333333,3.697108268737793,555.37224650383
6,sg-cgan,0,2,2,150,150,1.0,3.697108268737793,555.37224650383
6,sg-cgan,0,3,1,150,8,0.05333333333333334,3.7103359699249268,553.1795592308044
6,sg-cgan,0,3,2,150,85,0.5666666666666667,3.7103359699249268,553.1795592308044
6,sg-cgan,0,3,3,200,192,0.96,3.7103359699249268,553.1795592308044
6,sg-cgan,0,4,1,150,28,0.18666666666666668,3.69683837890625,555.4336540699005
6,sg-cgan,0,4,2,150,7,0.04666666666666667,3.69683837890625,555.4336540699005
6,sg-cgan,0,4,3,200,112,0.56,3.69683837890625,555.4336540699005
6,sg-cgan,0,4,4,150,150,1.0,3.69683837890625,555.4336540699005
6,sg-cgan,0,5,1,150,8,0.05333333333333334,3.792917251586914,554.4758427143097
6,sg-cgan,0,5,2,150,0,0.0,3.792917251586914,554.4758427143097
6,sg-cgan,0,5,3,200,129,0.645,3.792917251586914,554.4758427143097
6,sg-cgan,0,5,4,150,120,0.8,3.792917251586914,554.4758427143097
6,sg-cgan,0,5,5,150,147,0.98,3.792917251586914,554.4758427143097
6,offline,1,None,1,150,99,0.66,None,None
6,offline,1,None,2,150,94,0.6266666666666667,None,None
6,offline,1,None,3,200,187,0.935,None,None
6,offline,1,None,4,150,58,0.38666666666666666,None,None
6,offline,1,None,5,150,133,0.8866666666666667,None,None
6,sg-cgan,1,1,1,150,150,1.0,2.07327938079834,288.5637435913086
6,sg-cgan,1,2,1,150,1,0.006666666666666667,3.6639370918273926,565.7542445659637
6,sg-cgan,1,2,2,150,150,1.0,3.6639370918273926,565.7542445659637
6,sg-cgan,1,3,1,150,2,0.013333333333333334,3.712257146835327,562.4085156917572
6,sg-cgan,1,3,2,150,71,0.47333333333333333,3.712257146835327,562.4085156917572
6,sg-cgan,1,3,3,200,199,0.995,3.712257146835327,562.4085156917572
6,sg-cgan,1,4,1,150,0,0.0,3.7800519466400146,568.3015360832214
6,sg-cgan,1,4,2,150,0,0.0,3.7800519466400146,568.3015360832214
6,sg-cgan,1,4,3,200,0,0.0,3.7800519466400146,568.3015360832214
6,sg-cgan,1,4,4,150,150,1.0,3.7800519466400146,568.3015360832214
6,sg-cgan,1,5,1,150,59,0.3933333333333333,3.7462453842163086,558.5647013187408
6,sg-cgan,1,5,2,150,0,0.0,3.7462453842163086,558.5647013187408
6,sg-cgan,1,5,3,200,0,0.0,3.7462453842163086,558.5647013187408
6,sg-cgan,1,5,4,150,26,0.17333333333333334,3.7462453842163086,558.5647013187408
6,sg-cgan,1,5,5,150,148,0.9866666666666667,3.7462453842163086,558.5647013187408
6,offline,2,5,1,150,99,0.66,3.754514217376709,666.2007308006287
6,offline,2,5,2,150,94,0.6266666666666667,3.754514217376709,666.2007308006287
6,offline,2,5,3,200,187,0.935,3.754514217376709,666.2007308006287
6,offline,2,5,4,150,58,0.38666666666666666,3.754514217376709,666.2007308006287
6,offline,2,5,5,150,133,0.8866666666666667,3.754514217376709,666.2007308006287
6,sg-cgan,2,1,1,150,150,1.0,2.0322484970092773,282.52990913391113
6,sg-cgan,2,2,1,150,0,0.0,3.712099075317383,582.0894658565521
6,sg-cgan,2,2,2,150,150,1.0,3.712099075317383,582.0894658565521
6,sg-cgan,2,3,1,150,0,0.0,3.767442464828491,581.4748663902283
6,sg-cgan,2,3,2,150,41,0.2733333333333333,3.767442464828491,581.4748663902283
6,sg-cgan,2,3,3,200,199,0.995,3.767442464828491,581.4748663902283
6,sg-cgan,2,4,1,150,0,0.0,3.7721188068389893,564.0816559791565
6,sg-cgan,2,4,2,150,0,0.0,3.7721188068389893,564.0816559791565
6,sg-cgan,2,4,3,200,62,0.31,3.7721188068389893,564.0816559791565
6,sg-cgan,2,4,4,150,150,1.0,3.7721188068389893,564.0816559791565
6,sg-cgan,2,5,1,150,0,0.0,3.8053481578826904,565.3230822086334
6,sg-cgan,2,5,2,150,0,0.0,3.8053481578826904,565.3230822086334
6,sg-cgan,2,5,3,200,0,0.0,3.8053481578826904,565.3230822086334
6,sg-cgan,2,5,4,150,105,0.7,3.8053481578826904,565.3230822086334
6,sg-cgan,2,5,5,150,149,0.9933333333333333,3.8053481578826904,565.3230822086334
6,offline,3,5,1,150,99,0.66,3.799975872039795,553.4442722797394
6,offline,3,5,2,150,94,0.6266666666666667,3.799975872039795,553.4442722797394
6,offline,3,5,3,200,187,0.935,3.799975872039795,553.4442722797394
6,offline,3,5,4,150,58,0.38666666666666666,3.799975872039795,553.4442722797394
6,offline,3,5,5,150,133,0.8866666666666667,3.799975872039795,553.4442722797394
6,sg-cgan,3,1,1,150,150,1.0,3.2347118854522705,283.0451970100403
6,sg-cgan,3,2,1,150,26,0.17333333333333334,4.878892421722412,560.630927324295
6,sg-cgan,3,2,2,150,150,1.0,4.878892421722412,560.630927324295
6,sg-cgan,3,3,1,150,24,0.16,4.812423467636108,2523.010993003845
6,sg-cgan,3,3,2,150,83,0.5533333333333333,4.812423467636108,2523.010993003845
6,sg-cgan,3,3,3,200,199,0.995,4.812423467636108,2523.010993003845
6,sg-cgan,3,4,1,150,0,0.0,4.8807618618011475,574.3207890987396
6,sg-cgan,3,4,2,150,0,0.0,4.8807618618011475,574.3207890987396
6,sg-cgan,3,4,3,200,0,0.0,4.8807618618011475,574.3207890987396
6,sg-cgan,3,4,4,150,150,1.0,4.8807618618011475,574.3207890987396
6,sg-cgan,3,5,1,150,0,0.0,4.961517810821533,575.647138595581
6,sg-cgan,3,5,2,150,54,0.36,4.961517810821533,575.647138595581
6,sg-cgan,3,5,3,200,0,0.0,4.961517810821533,575.647138595581
6,sg-cgan,3,5,4,150,29,0.19333333333333333,4.961517810821533,575.647138595581
6,sg-cgan,3,5,5,150,150,1.0,4.961517810821533,575.647138595581
6,offline,4,5,1,150,99,0.66,4.961517810821533,575.647138595581
6,offline,4,5,2,150,94,0.6266666666666667,4.961517810821533,575.647138595581
6,offline,4,5,3,200,187,0.935,4.961517810821533,575.647138595581
6,offline,4,5,4,150,58,0.38666666666666666,4.961517810821533,575.647138595581
6,offline,4,5,5,150,133,0.8866666666666667,4.961517810821533,575.647138595581
6,sg-cgan,4,1,1,150,150,1.0,2.038588523864746,281.85677123069763
6,sg-cgan,4,2,1,150,145,0.9666666666666667,4.240898370742798,552.3809292316437
6,sg-cgan,4,2,2,150,79,0.5266666666666666,4.240898370742798,552.3809292316437
6,sg-cgan,4,3,1,150,150,1.0,4.34316611289978,552.2941586971283
6,sg-cgan,4,3,2,150,79,0.5266666666666666,4.34316611289978,552.2941586971283
6,sg-cgan,4,3,3,200,99,0.495,4.34316611289978,552.2941586971283
6,sg-cgan,4,4,1,150,138,0.92,4.294978380203247,557.2282860279083
6,sg-cgan,4,4,2,150,55,0.36666666666666664,4.294978380203247,557.2282860279083
6,sg-cgan,4,4,3,200,98,0.49,4.294978380203247,557.2282860279083
6,sg-cgan,4,4,4,150,51,0.34,4.294978380203247,557.2282860279083
6,sg-cgan,4,5,1,150,124,0.8266666666666667,4.419392824172974,557.7115099430084
6,sg-cgan,4,5,2,150,50,0.3333333333333333,4.419392824172974,557.7115099430084
6,sg-cgan,4,5,3,200,90,0.45,4.419392824172974,557.7115099430084
6,sg-cgan,4,5,4,150,48,0.32,4.419392824172974,557.7115099430084
6,sg-cgan,4,5,5,150,138,0.92,4.419392824172974,557.7115099430084
6,offline,5,5,1,150,99,0.66,4.419392824172974,557.7115099430084
6,offline,5,5,2,150,94,0.6266666666666667,4.419392824172974,557.7115099430084
6,offline,5,5,3,200,187,0.935,4.419392824172974,557.7115099430084
6,offline,5,5,4,150,58,0.38666666666666666,4.419392824172974,557.7115099430084
6,offline,5,5,5,150,133,0.8866666666666667,4.419392824172974,557.7115099430084
6,sg-cgan,5,1,1,150,150,1.0,2.04461669921875,285.7363193035126
6,sg-cgan,5,2,1,150,41,0.2733333333333333,3.663163185119629,571.4066646099091
6,sg-cgan,5,2,2,150,150,1.0,3.663163185119629,571.4066646099091
6,sg-cgan,5,3,1,150,49,0.32666666666666666,3.7330548763275146,563.7464027404785
6,sg-cgan,5,3,2,150,72,0.48,3.7330548763275146,563.7464027404785
6,sg-cgan,5,3,3,200,199,0.995,3.7330548763275146,563.7464027404785
6,sg-cgan,5,4,1,150,34,0.22666666666666666,3.7047693729400635,570.982898235321
6,sg-cgan,5,4,2,150,0,0.0,3.7047693729400635,570.982898235321
6,sg-cgan,5,4,3,200,72,0.36,3.7047693729400635,570.982898235321
6,sg-cgan,5,4,4,150,150,1.0,3.7047693729400635,570.982898235321
6,sg-cgan,5,5,1,150,0,0.0,3.7129666805267334,576.0799880027771
6,sg-cgan,5,5,2,150,0,0.0,3.7129666805267334,576.0799880027771
6,sg-cgan,5,5,3,200,106,0.53,3.7129666805267334,576.0799880027771
6,sg-cgan,5,5,4,150,114,0.76,3.7129666805267334,576.0799880027771
6,sg-cgan,5,5,5,150,149,0.9933333333333333,3.7129666805267334,576.0799880027771
6,offline,6,5,1,150,33,0.22,3.7462453842163086,558.5647013187408
6,offline,6,5,2,150,125,0.8333333333333334,3.7462453842163086,558.5647013187408
6,offline,6,5,3,200,154,0.77,3.7462453842163086,558.5647013187408
6,offline,6,5,4,150,55,0.36666666666666664,3.7462453842163086,558.5647013187408
6,offline,6,5,5,150,144,0.96,3.7462453842163086,558.5647013187408
6,sg-cgan,6,1,1,150,150,1.0,2.0215611457824707,288.8652467727661
6,sg-cgan,6,2,1,150,21,0.14,4.277085542678833,578.6045808792114
6,sg-cgan,6,2,2,150,150,1.0,4.277085542678833,578.6045808792114
6,sg-cgan,6,3,1,150,0,0.0,4.311501502990723,577.7550060749054
6,sg-cgan,6,3,2,150,121,0.8066666666666666,4.311501502990723,577.7550060749054
6,sg-cgan,6,3,3,200,173,0.865,4.311501502990723,577.7550060749054
6,sg-cgan,6,4,1,150,0,0.0,4.353014230728149,579.8635647296906
6,sg-cgan,6,4,2,150,2,0.013333333333333334,4.353014230728149,579.8635647296906
6,sg-cgan,6,4,3,200,98,0.49,4.353014230728149,579.8635647296906
6,sg-cgan,6,4,4,150,150,1.0,4.353014230728149,579.8635647296906
6,sg-cgan,6,5,1,150,0,0.0,4.259003639221191,579.432942867279
6,sg-cgan,6,5,2,150,0,0.0,4.259003639221191,579.432942867279
6,sg-cgan,6,5,3,200,35,0.175,4.259003639221191,579.432942867279
6,sg-cgan,6,5,4,150,150,1.0,4.259003639221191,579.432942867279
6,sg-cgan,6,5,5,150,127,0.8466666666666667,4.259003639221191,579.432942867279
7,offline,0,None,1,150,106,0.7066666666666667,None,None
7,offline,0,None,2,150,77,0.5133333333333333,None,None
7,offline,0,None,3,150,55,0.36666666666666664,None,None
7,offline,0,None,4,150,124,0.8266666666666667,None,None
7,offline,0,None,5,150,146,0.9733333333333334,None,None
7,sg-cgan,0,1,1,150,150,1.0,2.0671262741088867,282.8513844013214
7,sg-cgan,0,2,1,150,31,0.20666666666666667,3.6837055683135986,561.4440710544586
7,sg-cgan,0,2,2,150,149,0.9933333333333333,3.6837055683135986,561.4440710544586
7,sg-cgan,0,3,1,150,28,0.18666666666666668,3.7640295028686523,553.6814801692963
7,sg-cgan,0,3,2,150,72,0.48,3.7640295028686523,553.6814801692963
7,sg-cgan,0,3,3,150,116,0.7733333333333333,3.7640295028686523,553.6814801692963
7,sg-cgan,0,4,1,150,4,0.02666666666666667,3.7979183197021484,564.8068206310272
7,sg-cgan,0,4,2,150,10,0.06666666666666667,3.7979183197021484,564.8068206310272
7,sg-cgan,0,4,3,150,107,0.7133333333333334,3.7979183197021484,564.8068206310272
7,sg-cgan,0,4,4,150,150,1.0,3.7979183197021484,564.8068206310272
7,sg-cgan,0,5,1,150,0,0.0,3.799138307571411,637.7737367153168
7,sg-cgan,0,5,2,150,0,0.0,3.799138307571411,637.7737367153168
7,sg-cgan,0,5,3,150,0,0.0,3.799138307571411,637.7737367153168
7,sg-cgan,0,5,4,150,0,0.0,3.799138307571411,637.7737367153168
7,sg-cgan,0,5,5,150,150,1.0,3.799138307571411,637.7737367153168
7,offline,1,None,1,150,106,0.7066666666666667,None,None
7,offline,1,None,2,150,77,0.5133333333333333,None,None
7,offline,1,None,3,150,55,0.36666666666666664,None,None
7,offline,1,None,4,150,124,0.8266666666666667,None,None
7,offline,1,None,5,150,146,0.9733333333333334,None,None
7,sg-cgan,1,1,1,150,150,1.0,2.054823875427246,288.29510021209717
7,sg-cgan,1,2,1,150,3,0.02,3.65510892868042,573.9153070449829
7,sg-cgan,1,2,2,150,150,1.0,3.65510892868042,573.9153070449829
7,sg-cgan,1,3,1,150,54,0.36,3.689836025238037,572.9452106952667
7,sg-cgan,1,3,2,150,40,0.26666666666666666,3.689836025238037,572.9452106952667
7,sg-cgan,1,3,3,150,119,0.7933333333333333,3.689836025238037,572.9452106952667
7,sg-cgan,1,4,1,150,0,0.0,3.7846953868865967,562.1281535625458
7,sg-cgan,1,4,2,150,0,0.0,3.7846953868865967,562.1281535625458
7,sg-cgan,1,4,3,150,107,0.7133333333333334,3.7846953868865967,562.1281535625458
7,sg-cgan,1,4,4,150,148,0.9866666666666667,3.7846953868865967,562.1281535625458
7,sg-cgan,1,5,1,150,0,0.0,3.8009181022644043,559.4417150020599
7,sg-cgan,1,5,2,150,0,0.0,3.8009181022644043,559.4417150020599
7,sg-cgan,1,5,3,150,91,0.6066666666666667,3.8009181022644043,559.4417150020599
7,sg-cgan,1,5,4,150,116,0.7733333333333333,3.8009181022644043,559.4417150020599
7,sg-cgan,1,5,5,150,150,1.0,3.8009181022644043,559.4417150020599
7,offline,2,5,1,150,106,0.7066666666666667,3.808245897293091,559.4821197986603
7,offline,2,5,2,150,77,0.5133333333333333,3.808245897293091,559.4821197986603
7,offline,2,5,3,150,55,0.36666666666666664,3.808245897293091,559.4821197986603
7,offline,2,5,4,150,124,0.8266666666666667,3.808245897293091,559.4821197986603
7,offline,2,5,5,150,146,0.9733333333333334,3.808245897293091,559.4821197986603
7,sg-cgan,2,1,1,150,150,1.0,2.027972936630249,945.9147000312805
7,sg-cgan,2,2,1,150,0,0.0,3.7596828937530518,620.9362223148346
7,sg-cgan,2,2,2,150,150,1.0,3.7596828937530518,620.9362223148346
7,sg-cgan,2,3,1,150,0,0.0,3.7403464317321777,570.2678961753845
7,sg-cgan,2,3,2,150,72,0.48,3.7403464317321777,570.2678961753845
7,sg-cgan,2,3,3,150,113,0.7533333333333333,3.7403464317321777,570.2678961753845
7,sg-cgan,2,4,1,150,0,0.0,3.800506353378296,571.0186097621918
7,sg-cgan,2,4,2,150,0,0.0,3.800506353378296,571.0186097621918
7,sg-cgan,2,4,3,150,109,0.7266666666666667,3.800506353378296,571.0186097621918
7,sg-cgan,2,4,4,150,150,1.0,3.800506353378296,571.0186097621918
7,sg-cgan,2,5,1,150,0,0.0,3.776195526123047,617.4611783027649
7,sg-cgan,2,5,2,150,1,0.006666666666666667,3.776195526123047,617.4611783027649
7,sg-cgan,2,5,3,150,96,0.64,3.776195526123047,617.4611783027649
7,sg-cgan,2,5,4,150,101,0.6733333333333333,3.776195526123047,617.4611783027649
7,sg-cgan,2,5,5,150,150,1.0,3.776195526123047,617.4611783027649
7,offline,3,5,1,150,106,0.7066666666666667,3.759784460067749,650.4109344482422
7,offline,3,5,2,150,77,0.5133333333333333,3.759784460067749,650.4109344482422
7,offline,3,5,3,150,55,0.36666666666666664,3.759784460067749,650.4109344482422
7,offline,3,5,4,150,124,0.8266666666666667,3.759784460067749,650.4109344482422
7,offline,3,5,5,150,146,0.9733333333333334,3.759784460067749,650.4109344482422
7,sg-cgan,3,1,1,150,150,1.0,3.2257771492004395,284.90242195129395
7,sg-cgan,3,2,1,150,0,0.0,4.79289174079895,632.7791168689728
7,sg-cgan,3,2,2,150,150,1.0,4.79289174079895,632.7791168689728
7,sg-cgan,3,3,1,150,0,0.0,4.872779607772827,1183.6732487678528
7,sg-cgan,3,3,2,150,70,0.4666666666666667,4.872779607772827,1183.6732487678528
7,sg-cgan,3,3,3,150,78,0.52,4.872779607772827,1183.6732487678528
7,sg-cgan,3,4,1,150,0,0.0,4.824052572250366,565.0168488025665
7,sg-cgan,3,4,2,150,0,0.0,4.824052572250366,565.0168488025665
7,sg-cgan,3,4,3,150,62,0.41333333333333333,4.824052572250366,565.0168488025665
7,sg-cgan,3,4,4,150,150,1.0,4.824052572250366,565.0168488025665
7,sg-cgan,3,5,1,150,0,0.0,4.830145597457886,578.6251692771912
7,sg-cgan,3,5,2,150,0,0.0,4.830145597457886,578.6251692771912
7,sg-cgan,3,5,3,150,0,0.0,4.830145597457886,578.6251692771912
7,sg-cgan,3,5,4,150,0,0.0,4.830145597457886,578.6251692771912
7,sg-cgan,3,5,5,150,150,1.0,4.830145597457886,578.6251692771912
7,offline,4,5,1,150,106,0.7066666666666667,4.830145597457886,578.6251692771912
7,offline,4,5,2,150,77,0.5133333333333333,4.830145597457886,578.6251692771912
7,offline,4,5,3,150,55,0.36666666666666664,4.830145597457886,578.6251692771912
7,offline,4,5,4,150,124,0.8266666666666667,4.830145597457886,578.6251692771912
7,offline,4,5,5,150,146,0.9733333333333334,4.830145597457886,578.6251692771912
7,sg-cgan,4,1,1,150,150,1.0,2.0688929557800293,282.8034625053406
7,sg-cgan,4,2,1,150,118,0.7866666666666666,4.234554052352905,561.471170425415
7,sg-cgan,4,2,2,150,118,0.7866666666666666,4.234554052352905,561.471170425415
7,sg-cgan,4,3,1,150,101,0.6733333333333333,4.244650602340698,551.7593922615051
7,sg-cgan,4,3,2,150,103,0.6866666666666666,4.244650602340698,551.7593922615051
7,sg-cgan,4,3,3,150,0,0.0,4.244650602340698,551.7593922615051
7,sg-cgan,4,4,1,150,104,0.6933333333333334,4.331120491027832,562.0499413013458
7,sg-cgan,4,4,2,150,106,0.7066666666666667,4.331120491027832,562.0499413013458
7,sg-cgan,4,4,3,150,0,0.0,4.331120491027832,562.0499413013458
7,sg-cgan,4,4,4,150,100,0.6666666666666666,4.331120491027832,562.0499413013458
7,sg-cgan,4,5,1,150,36,0.24,4.300248861312866,651.1498732566833
7,sg-cgan,4,5,2,150,1,0.006666666666666667,4.300248861312866,651.1498732566833
7,sg-cgan,4,5,3,150,0,0.0,4.300248861312866,651.1498732566833
7,sg-cgan,4,5,4,150,46,0.30666666666666664,4.300248861312866,651.1498732566833
7,sg-cgan,4,5,5,150,150,1.0,4.300248861312866,651.1498732566833
7,offline,5,5,1,150,106,0.7066666666666667,4.300248861312866,651.1498732566833
7,offline,5,5,2,150,77,0.5133333333333333,4.300248861312866,651.1498732566833
7,offline,5,5,3,150,55,0.36666666666666664,4.300248861312866,651.1498732566833
7,offline,5,5,4,150,124,0.8266666666666667,4.300248861312866,651.1498732566833
7,offline,5,5,5,150,146,0.9733333333333334,4.300248861312866,651.1498732566833
7,sg-cgan,5,1,1,150,150,1.0,2.024005889892578,288.8147728443146
7,sg-cgan,5,2,1,150,1,0.006666666666666667,3.7196078300476074,570.273912191391
7,sg-cgan,5,2,2,150,150,1.0,3.7196078300476074,570.273912191391
7,sg-cgan,5,3,1,150,32,0.21333333333333335,3.731229305267334,581.5088744163513
7,sg-cgan,5,3,2,150,55,0.36666666666666664,3.731229305267334,581.5088744163513
7,sg-cgan,5,3,3,150,121,0.8066666666666666,3.731229305267334,581.5088744163513
7,sg-cgan,5,4,1,150,0,0.0,3.725264549255371,574.885499715805
7,sg-cgan,5,4,2,150,43,0.2866666666666667,3.725264549255371,574.885499715805
7,sg-cgan,5,4,3,150,97,0.6466666666666666,3.725264549255371,574.885499715805
7,sg-cgan,5,4,4,150,149,0.9933333333333333,3.725264549255371,574.885499715805
7,sg-cgan,5,5,1,150,0,0.0,3.811586856842041,590.206029176712
7,sg-cgan,5,5,2,150,13,0.08666666666666667,3.811586856842041,590.206029176712
7,sg-cgan,5,5,3,150,95,0.6333333333333333,3.811586856842041,590.206029176712
7,sg-cgan,5,5,4,150,137,0.9133333333333333,3.811586856842041,590.206029176712
7,sg-cgan,5,5,5,150,150,1.0,3.811586856842041,590.206029176712
7,offline,6,5,1,150,65,0.43333333333333335,3.8009181022644043,559.4417150020599
7,offline,6,5,2,150,124,0.8266666666666667,3.8009181022644043,559.4417150020599
7,offline,6,5,3,150,70,0.4666666666666667,3.8009181022644043,559.4417150020599
7,offline,6,5,4,150,150,1.0,3.8009181022644043,559.4417150020599
7,offline,6,5,5,150,134,0.8933333333333333,3.8009181022644043,559.4417150020599
7,sg-cgan,6,1,1,150,150,1.0,2.0580062866210938,288.30038142204285
7,sg-cgan,6,2,1,150,83,0.5533333333333333,4.283634185791016,573.0747830867767
7,sg-cgan,6,2,2,150,143,0.9533333333333334,4.283634185791016,573.0747830867767
7,sg-cgan,6,3,1,150,36,0.24,4.329074859619141,572.2442922592163
7,sg-cgan,6,3,2,150,149,0.9933333333333333,4.329074859619141,572.2442922592163
7,sg-cgan,6,3,3,150,0,0.0,4.329074859619141,572.2442922592163
7,sg-cgan,6,4,1,150,60,0.4,4.253901243209839,574.925371170044
7,sg-cgan,6,4,2,150,101,0.6733333333333333,4.253901243209839,574.925371170044
7,sg-cgan,6,4,3,150,0,0.0,4.253901243209839,574.925371170044
7,sg-cgan,6,4,4,150,140,0.9333333333333333,4.253901243209839,574.925371170044
7,sg-cgan,6,5,1,150,45,0.3,4.317812919616699,576.0662515163422
7,sg-cgan,6,5,2,150,87,0.58,4.317812919616699,576.0662515163422
7,sg-cgan,6,5,3,150,0,0.0,4.317812919616699,576.0662515163422
7,sg-cgan,6,5,4,150,137,0.9133333333333333,4.317812919616699,576.0662515163422
7,sg-cgan,6,5,5,150,150,1.0,4.317812919616699,576.0662515163422
8,offline,0,None,1,150,123,0.82,None,None
8,offline,0,None,2,150,145,0.9666666666666667,None,None
8,offline,0,None,3,150,68,0.4533333333333333,None,None
8,offline,0,None,4,200,137,0.685,None,None
8,offline,0,None,5,150,146,0.9733333333333334,None,None
8,sg-cgan,0,1,1,150,150,1.0,2.0716421604156494,287.3815908432007
8,sg-cgan,0,2,1,150,142,0.9466666666666667,3.7050299644470215,554.2000241279602
8,sg-cgan,0,2,2,150,150,1.0,3.7050299644470215,554.2000241279602
8,sg-cgan,0,3,1,150,77,0.5133333333333333,3.699197292327881,568.3430879116058
8,sg-cgan,0,3,2,150,1,0.006666666666666667,3.699197292327881,568.3430879116058
8,sg-cgan,0,3,3,150,100,0.6666666666666666,3.699197292327881,568.3430879116058
8,sg-cgan,0,4,1,150,0,0.0,3.7346715927124023,596.7043564319611
8,sg-cgan,0,4,2,150,0,0.0,3.7346715927124023,596.7043564319611
8,sg-cgan,0,4,3,150,6,0.04,3.7346715927124023,596.7043564319611
8,sg-cgan,0,4,4,200,200,1.0,3.7346715927124023,596.7043564319611
8,sg-cgan,0,5,1,150,0,0.0,3.7508649826049805,574.7896780967712
8,sg-cgan,0,5,2,150,0,0.0,3.7508649826049805,574.7896780967712
8,sg-cgan,0,5,3,150,1,0.006666666666666667,3.7508649826049805,574.7896780967712
8,sg-cgan,0,5,4,200,0,0.0,3.7508649826049805,574.7896780967712
8,sg-cgan,0,5,5,150,144,0.96,3.7508649826049805,574.7896780967712
8,offline,1,None,1,150,123,0.82,None,None
8,offline,1,None,2,150,145,0.9666666666666667,None,None
8,offline,1,None,3,150,68,0.4533333333333333,None,None
8,offline,1,None,4,200,137,0.685,None,None
8,offline,1,None,5,150,146,0.9733333333333334,None,None
8,sg-cgan,1,1,1,150,150,1.0,2.0404794216156006,284.03498005867004
8,sg-cgan,1,2,1,150,141,0.94,3.643289804458618,566.8399415016174
8,sg-cgan,1,2,2,150,150,1.0,3.643289804458618,566.8399415016174
8,sg-cgan,1,3,1,150,76,0.5066666666666667,3.7296886444091797,560.5346024036407
8,sg-cgan,1,3,2,150,114,0.76,3.7296886444091797,560.5346024036407
8,sg-cgan,1,3,3,150,112,0.7466666666666667,3.7296886444091797,560.5346024036407
8,sg-cgan,1,4,1,150,66,0.44,3.724423885345459,564.9049158096313
8,sg-cgan,1,4,2,150,77,0.5133333333333333,3.724423885345459,564.9049158096313
8,sg-cgan,1,4,3,150,9,0.06,3.724423885345459,564.9049158096313
8,sg-cgan,1,4,4,200,200,1.0,3.724423885345459,564.9049158096313
8,sg-cgan,1,5,1,150,36,0.24,3.74770188331604,561.6282813549042
8,sg-cgan,1,5,2,150,82,0.5466666666666666,3.74770188331604,561.6282813549042
8,sg-cgan,1,5,3,150,9,0.06,3.74770188331604,561.6282813549042
8,sg-cgan,1,5,4,200,183,0.915,3.74770188331604,561.6282813549042
8,sg-cgan,1,5,5,150,135,0.9,3.74770188331604,561.6282813549042
8,offline,2,5,1,150,123,0.82,3.8244805335998535,569.7837541103363
8,offline,2,5,2,150,145,0.9666666666666667,3.8244805335998535,569.7837541103363
8,offline,2,5,3,150,68,0.4533333333333333,3.8244805335998535,569.7837541103363
8,offline,2,5,4,200,137,0.685,3.8244805335998535,569.7837541103363
8,offline,2,5,5,150,146,0.9733333333333334,3.8244805335998535,569.7837541103363
8,sg-cgan,2,1,1,150,150,1.0,2.077082872390747,281.8381357192993
8,sg-cgan,2,2,1,150,76,0.5066666666666667,3.71528697013855,631.7777607440948
8,sg-cgan,2,2,2,150,150,1.0,3.71528697013855,631.7777607440948
8,sg-cgan,2,3,1,150,69,0.46,3.7774364948272705,576.7732012271881
8,sg-cgan,2,3,2,150,21,0.14,3.7774364948272705,576.7732012271881
8,sg-cgan,2,3,3,150,98,0.6533333333333333,3.7774364948272705,576.7732012271881
8,sg-cgan,2,4,1,150,0,0.0,3.7591357231140137,563.1496968269348
8,sg-cgan,2,4,2,150,0,0.0,3.7591357231140137,563.1496968269348
8,sg-cgan,2,4,3,150,1,0.006666666666666667,3.7591357231140137,563.1496968269348
8,sg-cgan,2,4,4,200,200,1.0,3.7591357231140137,563.1496968269348
8,sg-cgan,2,5,1,150,0,0.0,3.823718309402466,565.9017372131348
8,sg-cgan,2,5,2,150,0,0.0,3.823718309402466,565.9017372131348
8,sg-cgan,2,5,3,150,4,0.02666666666666667,3.823718309402466,565.9017372131348
8,sg-cgan,2,5,4,200,184,0.92,3.823718309402466,565.9017372131348
8,sg-cgan,2,5,5,150,149,0.9933333333333333,3.823718309402466,565.9017372131348
8,offline,3,5,1,150,123,0.82,3.7574405670166016,573.8961033821106
8,offline,3,5,2,150,145,0.9666666666666667,3.7574405670166016,573.8961033821106
8,offline,3,5,3,150,68,0.4533333333333333,3.7574405670166016,573.8961033821106
8,offline,3,5,4,200,137,0.685,3.7574405670166016,573.8961033821106
8,offline,3,5,5,150,146,0.9733333333333334,3.7574405670166016,573.8961033821106
8,sg-cgan,3,1,1,150,150,1.0,3.2268600463867188,284.36851048469543
8,sg-cgan,3,2,1,150,142,0.9466666666666667,4.86466121673584,560.6192963123322
8,sg-cgan,3,2,2,150,150,1.0,4.86466121673584,560.6192963123322
8,sg-cgan,3,3,1,150,70,0.4666666666666667,4.9090895652771,554.3453073501587
8,sg-cgan,3,3,2,150,149,0.9933333333333333,4.9090895652771,554.3453073501587
8,sg-cgan,3,3,3,150,110,0.7333333333333333,4.9090895652771,554.3453073501587
8,sg-cgan,3,4,1,150,66,0.44,4.818674325942993,557.3644332885742
8,sg-cgan,3,4,2,150,145,0.9666666666666667,4.818674325942993,557.3644332885742
8,sg-cgan,3,4,3,150,34,0.22666666666666666,4.818674325942993,557.3644332885742
8,sg-cgan,3,4,4,200,199,0.995,4.818674325942993,557.3644332885742
8,sg-cgan,3,5,1,150,67,0.44666666666666666,4.8715901374816895,572.4010119438171
8,sg-cgan,3,5,2,150,74,0.49333333333333335,4.8715901374816895,572.4010119438171
8,sg-cgan,3,5,3,150,14,0.09333333333333334,4.8715901374816895,572.4010119438171
8,sg-cgan,3,5,4,200,196,0.98,4.8715901374816895,572.4010119438171
8,sg-cgan,3,5,5,150,145,0.9666666666666667,4.8715901374816895,572.4010119438171
8,offline,4,5,1,150,123,0.82,4.8715901374816895,572.4010119438171
8,offline,4,5,2,150,145,0.9666666666666667,4.8715901374816895,572.4010119438171
8,offline,4,5,3,150,68,0.4533333333333333,4.8715901374816895,572.4010119438171
8,offline,4,5,4,200,137,0.685,4.8715901374816895,572.4010119438171
8,offline,4,5,5,150,146,0.9733333333333334,4.8715901374816895,572.4010119438171
8,sg-cgan,4,1,1,150,150,1.0,2.0308339595794678,282.171644449234
8,sg-cgan,4,2,1,150,149,0.9933333333333333,4.3161070346832275,542.3008317947388
8,sg-cgan,4,2,2,150,150,1.0,4.3161070346832275,542.3008317947388
8,sg-cgan,4,3,1,150,149,0.9933333333333333,4.2870094776153564,560.2704749107361
8,sg-cgan,4,3,2,150,124,0.8266666666666667,4.2870094776153564,560.2704749107361
8,sg-cgan,4,3,3,150,0,0.0,4.2870094776153564,560.2704749107361
8,sg-cgan,4,4,1,150,9,0.06,4.269915580749512,578.3750672340393
8,sg-cgan,4,4,2,150,4,0.02666666666666667,4.269915580749512,578.3750672340393
8,sg-cgan,4,4,3,150,0,0.0,4.269915580749512,578.3750672340393
8,sg-cgan,4,4,4,200,197,0.985,4.269915580749512,578.3750672340393
8,sg-cgan,4,5,1,150,0,0.0,4.261666774749756,573.4223699569702
8,sg-cgan,4,5,2,150,0,0.0,4.261666774749756,573.4223699569702
8,sg-cgan,4,5,3,150,0,0.0,4.261666774749756,573.4223699569702
8,sg-cgan,4,5,4,200,94,0.47,4.261666774749756,573.4223699569702
8,sg-cgan,4,5,5,150,99,0.66,4.261666774749756,573.4223699569702
8,offline,5,5,1,150,123,0.82,4.261666774749756,573.4223699569702
8,offline,5,5,2,150,145,0.9666666666666667,4.261666774749756,573.4223699569702
8,offline,5,5,3,150,68,0.4533333333333333,4.261666774749756,573.4223699569702
8,offline,5,5,4,200,137,0.685,4.261666774749756,573.4223699569702
8,offline,5,5,5,150,146,0.9733333333333334,4.261666774749756,573.4223699569702
8,sg-cgan,5,1,1,150,150,1.0,2.033061981201172,291.29160952568054
8,sg-cgan,5,2,1,150,125,0.8333333333333334,3.6737289428710938,571.8466782569885
8,sg-cgan,5,2,2,150,150,1.0,3.6737289428710938,571.8466782569885
8,sg-cgan,5,3,1,150,8,0.05333333333333334,3.7246718406677246,576.1234877109528
8,sg-cgan,5,3,2,150,146,0.9733333333333334,3.7246718406677246,576.1234877109528
8,sg-cgan,5,3,3,150,113,0.7533333333333333,3.7246718406677246,576.1234877109528
8,sg-cgan,5,4,1,150,13,0.08666666666666667,3.7627902030944824,574.0792455673218
8,sg-cgan,5,4,2,150,95,0.6333333333333333,3.7627902030944824,574.0792455673218
8,sg-cgan,5,4,3,150,0,0.0,3.7627902030944824,574.0792455673218
8,sg-cgan,5,4,4,200,200,1.0,3.7627902030944824,574.0792455673218
8,sg-cgan,5,5,1,150,0,0.0,3.742159605026245,580.2462682723999
8,sg-cgan,5,5,2,150,52,0.3466666666666667,3.742159605026245,580.2462682723999
8,sg-cgan,5,5,3,150,6,0.04,3.742159605026245,580.2462682723999
8,sg-cgan,5,5,4,200,194,0.97,3.742159605026245,580.2462682723999
8,sg-cgan,5,5,5,150,150,1.0,3.742159605026245,580.2462682723999
8,offline,6,5,1,150,76,0.5066666666666667,3.74770188331604,561.6282813549042
8,offline,6,5,2,150,142,0.9466666666666667,3.74770188331604,561.6282813549042
8,offline,6,5,3,150,116,0.7733333333333333,3.74770188331604,561.6282813549042
8,offline,6,5,4,200,97,0.485,3.74770188331604,561.6282813549042
8,offline,6,5,5,150,104,0.6933333333333334,3.74770188331604,561.6282813549042
8,sg-cgan,6,1,1,150,150,1.0,2.03657603263855,294.96184730529785
8,sg-cgan,6,2,1,150,147,0.98,4.2149457931518555,587.2268514633179
8,sg-cgan,6,2,2,150,149,0.9933333333333333,4.2149457931518555,587.2268514633179
8,sg-cgan,6,3,1,150,148,0.9866666666666667,4.311194181442261,589.3838708400726
8,sg-cgan,6,3,2,150,146,0.9733333333333334,4.311194181442261,589.3838708400726
8,sg-cgan,6,3,3,150,0,0.0,4.311194181442261,589.3838708400726
8,sg-cgan,6,4,1,150,144,0.96,4.337524175643921,590.8683819770813
8,sg-cgan,6,4,2,150,145,0.9666666666666667,4.337524175643921,590.8683819770813
8,sg-cgan,6,4,3,150,0,0.0,4.337524175643921,590.8683819770813
8,sg-cgan,6,4,4,200,97,0.485,4.337524175643921,590.8683819770813
8,sg-cgan,6,5,1,150,136,0.9066666666666666,4.322056293487549,599.4214489459991
8,sg-cgan,6,5,2,150,131,0.8733333333333333,4.322056293487549,599.4214489459991
8,sg-cgan,6,5,3,150,0,0.0,4.322056293487549,599.4214489459991
8,sg-cgan,6,5,4,200,97,0.485,4.322056293487549,599.4214489459991
8,sg-cgan,6,5,5,150,105,0.7,4.322056293487549,599.4214489459991
9,offline,0,None,1,150,60,0.4,None,None
9,offline,0,None,2,150,150,1.0,None,None
9,offline,0,None,3,150,75,0.5,None,None
9,offline,0,None,4,150,149,0.9933333333333333,None,None
9,offline,0,None,5,200,152,0.76,None,None
9,sg-cgan,0,1,1,150,150,1.0,2.048614025115967,288.4374816417694
9,sg-cgan,0,2,1,150,78,0.52,3.7392475605010986,562.39959025383
9,sg-cgan,0,2,2,150,150,1.0,3.7392475605010986,562.39959025383
9,sg-cgan,0,3,1,150,0,0.0,3.765669107437134,564.9224216938019
9,sg-cgan,0,3,2,150,116,0.7733333333333333,3.765669107437134,564.9224216938019
9,sg-cgan,0,3,3,150,150,1.0,3.765669107437134,564.9224216938019
9,sg-cgan,0,4,1,150,0,0.0,3.719024896621704,572.0609772205353
9,sg-cgan,0,4,2,150,23,0.15333333333333332,3.719024896621704,572.0609772205353
9,sg-cgan,0,4,3,150,82,0.5466666666666666,3.719024896621704,572.0609772205353
9,sg-cgan,0,4,4,150,150,1.0,3.719024896621704,572.0609772205353
9,sg-cgan,0,5,1,150,1,0.006666666666666667,3.720196008682251,560.2215340137482
9,sg-cgan,0,5,2,150,53,0.35333333333333333,3.720196008682251,560.2215340137482
9,sg-cgan,0,5,3,150,0,0.0,3.720196008682251,560.2215340137482
9,sg-cgan,0,5,4,150,145,0.9666666666666667,3.720196008682251,560.2215340137482
9,sg-cgan,0,5,5,200,168,0.84,3.720196008682251,560.2215340137482
9,offline,1,None,1,150,60,0.4,None,None
9,offline,1,None,2,150,150,1.0,None,None
9,offline,1,None,3,150,75,0.5,None,None
9,offline,1,None,4,150,149,0.9933333333333333,None,None
9,offline,1,None,5,200,152,0.76,None,None
9,sg-cgan,1,1,1,150,150,1.0,2.0591721534729004,290.26076650619507
9,sg-cgan,1,2,1,150,100,0.6666666666666666,3.6772310733795166,570.9351668357849
9,sg-cgan,1,2,2,150,150,1.0,3.6772310733795166,570.9351668357849
9,sg-cgan,1,3,1,150,0,0.0,3.7370102405548096,566.9006967544556
9,sg-cgan,1,3,2,150,88,0.5866666666666667,3.7370102405548096,566.9006967544556
9,sg-cgan,1,3,3,150,150,1.0,3.7370102405548096,566.9006967544556
9,sg-cgan,1,4,1,150,12,0.08,3.812587022781372,577.3878946304321
9,sg-cgan,1,4,2,150,12,0.08,3.812587022781372,577.3878946304321
9,sg-cgan,1,4,3,150,67,0.44666666666666666,3.812587022781372,577.3878946304321
9,sg-cgan,1,4,4,150,150,1.0,3.812587022781372,577.3878946304321
9,sg-cgan,1,5,1,150,0,0.0,3.7388129234313965,572.632684469223
9,sg-cgan,1,5,2,150,78,0.52,3.7388129234313965,572.632684469223
9,sg-cgan,1,5,3,150,0,0.0,3.7388129234313965,572.632684469223
9,sg-cgan,1,5,4,150,148,0.9866666666666667,3.7388129234313965,572.632684469223
9,sg-cgan,1,5,5,200,182,0.91,3.7388129234313965,572.632684469223
9,offline,2,5,1,150,60,0.4,3.7169363498687744,571.9304716587067
9,offline,2,5,2,150,150,1.0,3.7169363498687744,571.9304716587067
9,offline,2,5,3,150,75,0.5,3.7169363498687744,571.9304716587067
9,offline,2,5,4,150,149,0.9933333333333333,3.7169363498687744,571.9304716587067
9,offline,2,5,5,200,152,0.76,3.7169363498687744,571.9304716587067
9,sg-cgan,2,1,1,150,150,1.0,2.065246820449829,281.92030787467957
9,sg-cgan,2,2,1,150,32,0.21333333333333335,3.7417795658111572,777.9784724712372
9,sg-cgan,2,2,2,150,150,1.0,3.7417795658111572,777.9784724712372
9,sg-cgan,2,3,1,150,0,0.0,3.7460873126983643,584.9257524013519
9,sg-cgan,2,3,2,150,0,0.0,3.7460873126983643,584.9257524013519
9,sg-cgan,2,3,3,150,150,1.0,3.7460873126983643,584.9257524013519
9,sg-cgan,2,4,1,150,0,0.0,3.7997612953186035,572.0235106945038
9,sg-cgan,2,4,2,150,0,0.0,3.7997612953186035,572.0235106945038
9,sg-cgan,2,4,3,150,73,0.4866666666666667,3.7997612953186035,572.0235106945038
9,sg-cgan,2,4,4,150,150,1.0,3.7997612953186035,572.0235106945038
9,sg-cgan,2,5,1,150,0,0.0,3.7444815635681152,552.3827090263367
9,sg-cgan,2,5,2,150,0,0.0,3.7444815635681152,552.3827090263367
9,sg-cgan,2,5,3,150,0,0.0,3.7444815635681152,552.3827090263367
9,sg-cgan,2,5,4,150,65,0.43333333333333335,3.7444815635681152,552.3827090263367
9,sg-cgan,2,5,5,200,180,0.9,3.7444815635681152,552.3827090263367
9,offline,3,5,1,150,60,0.4,3.762157917022705,565.2794816493988
9,offline,3,5,2,150,150,1.0,3.762157917022705,565.2794816493988
9,offline,3,5,3,150,75,0.5,3.762157917022705,565.2794816493988
9,offline,3,5,4,150,149,0.9933333333333333,3.762157917022705,565.2794816493988
9,offline,3,5,5,200,152,0.76,3.762157917022705,565.2794816493988
9,sg-cgan,3,1,1,150,150,1.0,3.206272840499878,281.9213879108429
9,sg-cgan,3,2,1,150,93,0.62,4.813843011856079,545.1050391197205
9,sg-cgan,3,2,2,150,150,1.0,4.813843011856079,545.1050391197205
9,sg-cgan,3,3,1,150,0,0.0,4.814418077468872,588.3140242099762
9,sg-cgan,3,3,2,150,0,0.0,4.814418077468872,588.3140242099762
9,sg-cgan,3,3,3,150,150,1.0,4.814418077468872,588.3140242099762
9,sg-cgan,3,4,1,150,10,0.06666666666666667,4.893865585327148,566.3936750888824
9,sg-cgan,3,4,2,150,0,0.0,4.893865585327148,566.3936750888824
9,sg-cgan,3,4,3,150,16,0.10666666666666667,4.893865585327148,566.3936750888824
9,sg-cgan,3,4,4,150,149,0.9933333333333333,4.893865585327148,566.3936750888824
9,sg-cgan,3,5,1,150,1,0.006666666666666667,4.827462434768677,578.0497996807098
9,sg-cgan,3,5,2,150,0,0.0,4.827462434768677,578.0497996807098
9,sg-cgan,3,5,3,150,0,0.0,4.827462434768677,578.0497996807098
9,sg-cgan,3,5,4,150,111,0.74,4.827462434768677,578.0497996807098
9,sg-cgan,3,5,5,200,179,0.895,4.827462434768677,578.0497996807098
9,offline,4,5,1,150,60,0.4,4.827462434768677,578.0497996807098
9,offline,4,5,2,150,150,1.0,4.827462434768677,578.0497996807098
9,offline,4,5,3,150,75,0.5,4.827462434768677,578.0497996807098
9,offline,4,5,4,150,149,0.9933333333333333,4.827462434768677,578.0497996807098
9,offline,4,5,5,200,152,0.76,4.827462434768677,578.0497996807098
9,sg-cgan,4,1,1,150,150,1.0,2.0411760807037354,282.0882601737976
9,sg-cgan,4,2,1,150,149,0.9933333333333333,4.24199366569519,554.0751631259918
9,sg-cgan,4,2,2,150,81,0.54,4.24199366569519,554.0751631259918
9,sg-cgan,4,3,1,150,74,0.49333333333333335,4.338083267211914,552.2454524040222
9,sg-cgan,4,3,2,150,70,0.4666666666666667,4.338083267211914,552.2454524040222
9,sg-cgan,4,3,3,150,101,0.6733333333333333,4.338083267211914,552.2454524040222
9,sg-cgan,4,4,1,150,71,0.47333333333333333,4.273443222045898,557.3540802001953
9,sg-cgan,4,4,2,150,82,0.5466666666666666,4.273443222045898,557.3540802001953
9,sg-cgan,4,4,3,150,52,0.3466666666666667,4.273443222045898,557.3540802001953
9,sg-cgan,4,4,4,150,135,0.9,4.273443222045898,557.3540802001953
9,sg-cgan,4,5,1,150,120,0.8,4.301309108734131,567.0306715965271
9,sg-cgan,4,5,2,150,47,0.31333333333333335,4.301309108734131,567.0306715965271
9,sg-cgan,4,5,3,150,6,0.04,4.301309108734131,567.0306715965271
9,sg-cgan,4,5,4,150,130,0.8666666666666667,4.301309108734131,567.0306715965271
9,sg-cgan,4,5,5,200,58,0.29,4.301309108734131,567.0306715965271
9,offline,5,5,1,150,60,0.4,4.301309108734131,567.0306715965271
9,offline,5,5,2,150,150,1.0,4.301309108734131,567.0306715965271
9,offline,5,5,3,150,75,0.5,4.301309108734131,567.0306715965271
9,offline,5,5,4,150,149,0.9933333333333333,4.301309108734131,567.0306715965271
9,offline,5,5,5,200,152,0.76,4.301309108734131,567.0306715965271
9,sg-cgan,5,1,1,150,150,1.0,2.0709452629089355,292.59747791290283
9,sg-cgan,5,2,1,150,86,0.5733333333333334,3.7069575786590576,583.5731678009033
9,sg-cgan,5,2,2,150,150,1.0,3.7069575786590576,583.5731678009033
9,sg-cgan,5,3,1,150,4,0.02666666666666667,3.714362382888794,581.0344750881195
9,sg-cgan,5,3,2,150,117,0.78,3.714362382888794,581.0344750881195
9,sg-cgan,5,3,3,150,150,1.0,3.714362382888794,581.0344750881195
9,sg-cgan,5,4,1,150,1,0.006666666666666667,3.7952756881713867,581.832129240036
9,sg-cgan,5,4,2,150,0,0.0,3.7952756881713867,581.832129240036
9,sg-cgan,5,4,3,150,78,0.52,3.7952756881713867,581.832129240036
9,sg-cgan,5,4,4,150,150,1.0,3.7952756881713867,581.832129240036
9,sg-cgan,5,5,1,150,4,0.02666666666666667,3.79652738571167,589.0154602527618
9,sg-cgan,5,5,2,150,63,0.42,3.79652738571167,589.0154602527618
9,sg-cgan,5,5,3,150,21,0.14,3.79652738571167,589.0154602527618
9,sg-cgan,5,5,4,150,139,0.9266666666666666,3.79652738571167,589.0154602527618
9,sg-cgan,5,5,5,200,173,0.865,3.79652738571167,589.0154602527618
9,offline,6,5,1,150,70,0.4666666666666667,3.7388129234313965,572.632684469223
9,offline,6,5,2,150,132,0.88,3.7388129234313965,572.632684469223
9,offline,6,5,3,150,136,0.9066666666666666,3.7388129234313965,572.632684469223
9,offline,6,5,4,150,148,0.9866666666666667,3.7388129234313965,572.632684469223
9,offline,6,5,5,200,86,0.43,3.7388129234313965,572.632684469223
9,sg-cgan,6,1,1,150,150,1.0,2.0055222511291504,293.74535965919495
9,sg-cgan,6,2,1,150,106,0.7066666666666667,4.182063817977905,584.9008491039276
9,sg-cgan,6,2,2,150,150,1.0,4.182063817977905,584.9008491039276
9,sg-cgan,6,3,1,150,58,0.38666666666666666,4.33232045173645,584.6587834358215
9,sg-cgan,6,3,2,150,122,0.8133333333333334,4.33232045173645,584.6587834358215
9,sg-cgan,6,3,3,150,85,0.5666666666666667,4.33232045173645,584.6587834358215
9,sg-cgan,6,4,1,150,12,0.08,4.257596254348755,588.9356172084808
9,sg-cgan,6,4,2,150,106,0.7066666666666667,4.257596254348755,588.9356172084808
9,sg-cgan,6,4,3,150,121,0.8066666666666666,4.257596254348755,588.9356172084808
9,sg-cgan,6,4,4,150,143,0.9533333333333334,4.257596254348755,588.9356172084808
9,sg-cgan,6,5,1,150,14,0.09333333333333334,4.296656131744385,587.7017803192139
9,sg-cgan,6,5,2,150,63,0.42,4.296656131744385,587.7017803192139
9,sg-cgan,6,5,3,150,104,0.6933333333333334,4.296656131744385,587.7017803192139
9,sg-cgan,6,5,4,150,149,0.9933333333333333,4.296656131744385,587.7017803192139
9,sg-cgan,6,5,5,200,19,0.095,4.296656131744385,587.7017803192139
