task_order, method, cmd, train_session, task_index, no_of_test, no_of_correct_prediction, accuracy, solver_training_time, generator_training_time
0,offline,3,None,1,300,186,0.62,None,None
0,offline,3,None,2,1100,1087,0.9881818181818182,None,None
0,offline,3,None,3,100,71,0.71,None,None
0,offline,3,None,4,1150,1121,0.9747826086956521,None,None
0,offline,3,None,5,300,292,0.9733333333333334,None,None
0,mp-gan,3,1,1,300,166,0.5533333333333333,10.173977851867676,482.32781982421875
0,mp-gan,3,2,1,300,157,0.5233333333333333,11.848238229751587,471.10044288635254
0,mp-gan,3,2,2,1100,1093,0.9936363636363637,11.848238229751587,471.10044288635254
0,mp-gan,3,3,1,300,117,0.39,11.5516676902771,478.3208613395691
0,mp-gan,3,3,2,1100,1090,0.990909090909091,11.5516676902771,478.3208613395691
0,mp-gan,3,3,3,100,100,1.0,11.5516676902771,478.3208613395691
0,mp-gan,3,4,1,300,79,0.2633333333333333,11.485540866851807,473.072548866272
0,mp-gan,3,4,2,1100,1091,0.9918181818181818,11.485540866851807,473.072548866272
0,mp-gan,3,4,3,100,68,0.68,11.485540866851807,473.072548866272
0,mp-gan,3,4,4,1150,1067,0.9278260869565217,11.485540866851807,473.072548866272
0,mp-gan,3,5,1,300,90,0.3,11.421671152114868,485.336483001709
0,mp-gan,3,5,2,1100,1090,0.990909090909091,11.421671152114868,485.336483001709
0,mp-gan,3,5,3,100,68,0.68,11.421671152114868,485.336483001709
0,mp-gan,3,5,4,1150,1060,0.9217391304347826,11.421671152114868,485.336483001709
0,mp-gan,3,5,5,300,275,0.9166666666666666,11.421671152114868,485.336483001709
0,mp-wgan,3,1,1,300,166,0.5533333333333333,10.305724382400513,1583.036092042923
0,mp-wgan,3,2,1,300,164,0.5466666666666666,11.828495502471924,1605.7381751537323
0,mp-wgan,3,2,2,1100,1093,0.9936363636363637,11.828495502471924,1605.7381751537323
0,mp-wgan,3,3,1,300,162,0.54,11.753155708312988,1645.9001002311707
0,mp-wgan,3,3,2,1100,1092,0.9927272727272727,11.753155708312988,1645.9001002311707
0,mp-wgan,3,3,3,100,100,1.0,11.753155708312988,1645.9001002311707
0,mp-wgan,3,4,1,300,158,0.5266666666666666,11.871177673339844,1660.3242938518524
0,mp-wgan,3,4,2,1100,1092,0.9927272727272727,11.871177673339844,1660.3242938518524
0,mp-wgan,3,4,3,100,70,0.7,11.871177673339844,1660.3242938518524
0,mp-wgan,3,4,4,1150,1137,0.9886956521739131,11.871177673339844,1660.3242938518524
0,mp-wgan,3,5,1,300,153,0.51,11.808454275131226,1653.6093406677246
0,mp-wgan,3,5,2,1100,1090,0.990909090909091,11.808454275131226,1653.6093406677246
0,mp-wgan,3,5,3,100,64,0.64,11.808454275131226,1653.6093406677246
0,mp-wgan,3,5,4,1150,1108,0.9634782608695652,11.808454275131226,1653.6093406677246
0,mp-wgan,3,5,5,300,271,0.9033333333333333,11.808454275131226,1653.6093406677246
1,offline,3,None,1,550,542,0.9854545454545455,None,None
1,offline,3,None,2,300,133,0.44333333333333336,None,None
1,offline,3,None,3,350,302,0.8628571428571429,None,None
1,offline,3,None,4,1200,1196,0.9966666666666667,None,None
1,offline,3,None,5,600,593,0.9883333333333333,None,None
1,mp-gan,3,1,1,550,549,0.9981818181818182,8.377408266067505,478.9726724624634
1,mp-gan,3,2,1,550,550,1.0,12.420066356658936,498.78331232070923
1,mp-gan,3,2,2,300,36,0.12,12.420066356658936,498.78331232070923
1,mp-gan,3,3,1,550,542,0.9854545454545455,11.523729801177979,507.312620639801
1,mp-gan,3,3,2,300,22,0.07333333333333333,11.523729801177979,507.312620639801
1,mp-gan,3,3,3,350,273,0.78,11.523729801177979,507.312620639801
1,mp-gan,3,4,1,550,541,0.9836363636363636,11.717397689819336,482.83986139297485
1,mp-gan,3,4,2,300,45,0.15,11.717397689819336,482.83986139297485
1,mp-gan,3,4,3,350,278,0.7942857142857143,11.717397689819336,482.83986139297485
1,mp-gan,3,4,4,1200,1188,0.99,11.717397689819336,482.83986139297485
1,mp-gan,3,5,1,550,539,0.98,11.745986938476562,478.64401268959045
1,mp-gan,3,5,2,300,52,0.17333333333333334,11.745986938476562,478.64401268959045
1,mp-gan,3,5,3,350,266,0.76,11.745986938476562,478.64401268959045
1,mp-gan,3,5,4,1200,1153,0.9608333333333333,11.745986938476562,478.64401268959045
1,mp-gan,3,5,5,600,564,0.94,11.745986938476562,478.64401268959045
1,mp-wgan,3,1,1,550,549,0.9981818181818182,8.345468997955322,1574.0952019691467
1,mp-wgan,3,2,1,550,547,0.9945454545454545,12.392086505889893,1659.835809469223
1,mp-wgan,3,2,2,300,34,0.11333333333333333,12.392086505889893,1659.835809469223
1,mp-wgan,3,3,1,550,542,0.9854545454545455,11.595781326293945,1572.039305448532
1,mp-wgan,3,3,2,300,41,0.13666666666666666,11.595781326293945,1572.039305448532
1,mp-wgan,3,3,3,350,264,0.7542857142857143,11.595781326293945,1572.039305448532
1,mp-wgan,3,4,1,550,541,0.9836363636363636,11.234835863113403,1633.9941611289978
1,mp-wgan,3,4,2,300,154,0.5133333333333333,11.234835863113403,1633.9941611289978
1,mp-wgan,3,4,3,350,264,0.7542857142857143,11.234835863113403,1633.9941611289978
1,mp-wgan,3,4,4,1200,1197,0.9975,11.234835863113403,1633.9941611289978
1,mp-wgan,3,5,1,550,542,0.9854545454545455,10.962664604187012,1527.6393077373505
1,mp-wgan,3,5,2,300,155,0.5166666666666667,10.962664604187012,1527.6393077373505
1,mp-wgan,3,5,3,350,270,0.7714285714285715,10.962664604187012,1527.6393077373505
1,mp-wgan,3,5,4,1200,1154,0.9616666666666667,10.962664604187012,1527.6393077373505
1,mp-wgan,3,5,5,600,569,0.9483333333333334,10.962664604187012,1527.6393077373505
2,offline,3,None,1,100,67,0.67,None,None
2,offline,3,None,2,1150,993,0.8634782608695653,None,None
2,offline,3,None,3,350,320,0.9142857142857143,None,None
2,offline,3,None,4,300,274,0.9133333333333333,None,None
2,offline,3,None,5,1100,1092,0.9927272727272727,None,None
2,mp-gan,3,1,1,100,100,1.0,7.985668897628784,450.6076889038086
2,mp-gan,3,2,1,100,68,0.68,11.375226259231567,446.166020154953
2,mp-gan,3,2,2,1150,1022,0.888695652173913,11.375226259231567,446.166020154953
2,mp-gan,3,3,1,100,71,0.71,11.01964020729065,464.8125419616699
2,mp-gan,3,3,2,1150,1015,0.8826086956521739,11.01964020729065,464.8125419616699
2,mp-gan,3,3,3,350,348,0.9942857142857143,11.01964020729065,464.8125419616699
2,mp-gan,3,4,1,100,68,0.68,11.6842622756958,486.5569188594818
2,mp-gan,3,4,2,1150,979,0.851304347826087,11.6842622756958,486.5569188594818
2,mp-gan,3,4,3,350,305,0.8714285714285714,11.6842622756958,486.5569188594818
2,mp-gan,3,4,4,300,280,0.9333333333333333,11.6842622756958,486.5569188594818
2,mp-gan,3,5,1,100,68,0.68,11.013599395751953,444.63876485824585
2,mp-gan,3,5,2,1150,987,0.8582608695652174,11.013599395751953,444.63876485824585
2,mp-gan,3,5,3,350,304,0.8685714285714285,11.013599395751953,444.63876485824585
2,mp-gan,3,5,4,300,281,0.9366666666666666,11.013599395751953,444.63876485824585
2,mp-gan,3,5,5,1100,1093,0.9936363636363637,11.013599395751953,444.63876485824585
2,mp-wgan,3,1,1,100,99,0.99,7.936549425125122,1472.0565514564514
2,mp-wgan,3,2,1,100,31,0.31,11.245819568634033,1575.4468595981598
2,mp-wgan,3,2,2,1150,1136,0.9878260869565217,11.245819568634033,1575.4468595981598
2,mp-wgan,3,3,1,100,52,0.52,10.931671857833862,1545.6903772354126
2,mp-wgan,3,3,2,1150,1051,0.9139130434782609,10.931671857833862,1545.6903772354126
2,mp-wgan,3,3,3,350,329,0.94,10.931671857833862,1545.6903772354126
2,mp-wgan,3,4,1,100,58,0.58,10.918060541152954,1447.7180318832397
2,mp-wgan,3,4,2,1150,1017,0.8843478260869565,10.918060541152954,1447.7180318832397
2,mp-wgan,3,4,3,350,305,0.8714285714285714,10.918060541152954,1447.7180318832397
2,mp-wgan,3,4,4,300,287,0.9566666666666667,10.918060541152954,1447.7180318832397
2,mp-wgan,3,5,1,100,64,0.64,10.931135654449463,1603.6941049098969
2,mp-wgan,3,5,2,1150,1005,0.8739130434782608,10.931135654449463,1603.6941049098969
2,mp-wgan,3,5,3,350,306,0.8742857142857143,10.931135654449463,1603.6941049098969
2,mp-wgan,3,5,4,300,282,0.94,10.931135654449463,1603.6941049098969
2,mp-wgan,3,5,5,1100,788,0.7163636363636363,10.931135654449463,1603.6941049098969
3,offline,3,None,1,100,28,0.28,None,None
3,offline,3,None,2,1450,1441,0.9937931034482759,None,None
3,offline,3,None,3,500,476,0.952,None,None
3,offline,3,None,4,550,547,0.9945454545454545,None,None
3,offline,3,None,5,350,313,0.8942857142857142,None,None
3,mp-gan,3,1,1,100,100,1.0,7.914715766906738,449.2104377746582
3,mp-gan,3,2,1,100,98,0.98,10.878788471221924,452.66287302970886
3,mp-gan,3,2,2,1450,1450,1.0,10.878788471221924,452.66287302970886
3,mp-gan,3,3,1,100,92,0.92,11.118492364883423,487.9796316623688
3,mp-gan,3,3,2,1450,1448,0.9986206896551724,11.118492364883423,487.9796316623688
3,mp-gan,3,3,3,500,268,0.536,11.118492364883423,487.9796316623688
3,mp-gan,3,4,1,100,85,0.85,11.663241147994995,487.5712263584137
3,mp-gan,3,4,2,1450,1439,0.9924137931034482,11.663241147994995,487.5712263584137
3,mp-gan,3,4,3,500,258,0.516,11.663241147994995,487.5712263584137
3,mp-gan,3,4,4,550,542,0.9854545454545455,11.663241147994995,487.5712263584137
3,mp-gan,3,5,1,100,79,0.79,10.966971397399902,469.32047510147095
3,mp-gan,3,5,2,1450,1438,0.9917241379310345,10.966971397399902,469.32047510147095
3,mp-gan,3,5,3,500,192,0.384,10.966971397399902,469.32047510147095
3,mp-gan,3,5,4,550,544,0.9890909090909091,10.966971397399902,469.32047510147095
3,mp-gan,3,5,5,350,325,0.9285714285714286,10.966971397399902,469.32047510147095
3,mp-wgan,3,1,1,100,99,0.99,7.947327136993408,1489.1655123233795
3,mp-wgan,3,2,1,100,100,1.0,10.874268293380737,1626.035391330719
3,mp-wgan,3,2,2,1450,1450,1.0,10.874268293380737,1626.035391330719
3,mp-wgan,3,3,1,100,100,1.0,10.868403196334839,1487.7657582759857
3,mp-wgan,3,3,2,1450,1449,0.9993103448275862,10.868403196334839,1487.7657582759857
3,mp-wgan,3,3,3,500,253,0.506,10.868403196334839,1487.7657582759857
3,mp-wgan,3,4,1,100,96,0.96,10.85390329360962,1547.4899072647095
3,mp-wgan,3,4,2,1450,1441,0.9937931034482759,10.85390329360962,1547.4899072647095
3,mp-wgan,3,4,3,500,252,0.504,10.85390329360962,1547.4899072647095
3,mp-wgan,3,4,4,550,540,0.9818181818181818,10.85390329360962,1547.4899072647095
3,mp-wgan,3,5,1,100,94,0.94,10.855943202972412,1591.8360471725464
3,mp-wgan,3,5,2,1450,1392,0.96,10.855943202972412,1591.8360471725464
3,mp-wgan,3,5,3,500,157,0.314,10.855943202972412,1591.8360471725464
3,mp-wgan,3,5,4,550,540,0.9818181818181818,10.855943202972412,1591.8360471725464
3,mp-wgan,3,5,5,350,332,0.9485714285714286,10.855943202972412,1591.8360471725464
4,offline,3,None,1,300,188,0.6266666666666667,None,None
4,offline,3,None,2,1150,1131,0.9834782608695652,None,None
4,offline,3,None,3,300,296,0.9866666666666667,None,None
4,offline,3,None,4,1100,1092,0.9927272727272727,None,None
4,offline,3,None,5,100,46,0.46,None,None
4,mp-gan,3,1,1,300,294,0.98,7.747549295425415,452.20086574554443
4,mp-gan,3,2,1,300,219,0.73,11.147478103637695,453.50502610206604
4,mp-gan,3,2,2,1150,1142,0.9930434782608696,11.147478103637695,453.50502610206604
4,mp-gan,3,3,1,300,235,0.7833333333333333,11.056263208389282,467.9093086719513
4,mp-gan,3,3,2,1150,1121,0.9747826086956521,11.056263208389282,467.9093086719513
4,mp-gan,3,3,3,300,256,0.8533333333333334,11.056263208389282,467.9093086719513
4,mp-gan,3,4,1,300,240,0.8,11.941300630569458,488.8920521736145
4,mp-gan,3,4,2,1150,1093,0.9504347826086956,11.941300630569458,488.8920521736145
4,mp-gan,3,4,3,300,269,0.8966666666666666,11.941300630569458,488.8920521736145
4,mp-gan,3,4,4,1100,551,0.5009090909090909,11.941300630569458,488.8920521736145
4,mp-gan,3,5,1,300,164,0.5466666666666666,11.869258403778076,473.51959466934204
4,mp-gan,3,5,2,1150,1063,0.9243478260869565,11.869258403778076,473.51959466934204
4,mp-gan,3,5,3,300,275,0.9166666666666666,11.869258403778076,473.51959466934204
4,mp-gan,3,5,4,1100,542,0.49272727272727274,11.869258403778076,473.51959466934204
4,mp-gan,3,5,5,100,40,0.4,11.869258403778076,473.51959466934204
4,mp-wgan,3,1,1,300,295,0.9833333333333333,5.957075357437134,1507.1017951965332
4,mp-wgan,3,2,1,300,178,0.5933333333333334,12.841671705245972,1605.712209224701
4,mp-wgan,3,2,2,1150,1147,0.9973913043478261,12.841671705245972,1605.712209224701
4,mp-wgan,3,3,1,300,228,0.76,11.123265266418457,1585.2896869182587
4,mp-wgan,3,3,2,1150,1099,0.9556521739130435,11.123265266418457,1585.2896869182587
4,mp-wgan,3,3,3,300,1,0.0033333333333333335,11.123265266418457,1585.2896869182587
4,mp-wgan,3,4,1,300,240,0.8,11.077388525009155,1564.8454489707947
4,mp-wgan,3,4,2,1150,1118,0.9721739130434782,11.077388525009155,1564.8454489707947
4,mp-wgan,3,4,3,300,2,0.006666666666666667,11.077388525009155,1564.8454489707947
4,mp-wgan,3,4,4,1100,542,0.49272727272727274,11.077388525009155,1564.8454489707947
4,mp-wgan,3,5,1,300,201,0.67,10.946736812591553,1561.1634924411774
4,mp-wgan,3,5,2,1150,1096,0.9530434782608695,10.946736812591553,1561.1634924411774
4,mp-wgan,3,5,3,300,2,0.006666666666666667,10.946736812591553,1561.1634924411774
4,mp-wgan,3,5,4,1100,548,0.49818181818181817,10.946736812591553,1561.1634924411774
4,mp-wgan,3,5,5,100,27,0.27,10.946736812591553,1561.1634924411774
5,offline,3,None,1,1150,1109,0.9643478260869566,None,None
5,offline,3,None,2,250,123,0.492,None,None
5,offline,3,None,3,300,295,0.9833333333333333,None,None
5,offline,3,None,4,650,599,0.9215384615384615,None,None
5,offline,3,None,5,650,623,0.9584615384615385,None,None
5,mp-gan,3,1,1,1150,1150,1.0,6.195706367492676,430.786502122879
5,mp-gan,3,2,1,1150,1043,0.9069565217391304,10.987433195114136,455.57219886779785
5,mp-gan,3,2,2,250,246,0.984,10.987433195114136,455.57219886779785
5,mp-gan,3,3,1,1150,999,0.8686956521739131,11.074567794799805,455.9456579685211
5,mp-gan,3,3,2,250,242,0.968,11.074567794799805,455.9456579685211
5,mp-gan,3,3,3,300,297,0.99,11.074567794799805,455.9456579685211
5,mp-gan,3,4,1,1150,984,0.8556521739130435,11.363956451416016,457.07596945762634
5,mp-gan,3,4,2,250,216,0.864,11.363956451416016,457.07596945762634
5,mp-gan,3,4,3,300,297,0.99,11.363956451416016,457.07596945762634
5,mp-gan,3,4,4,650,559,0.86,11.363956451416016,457.07596945762634
5,mp-gan,3,5,1,1150,946,0.8226086956521739,10.999024391174316,455.37728571891785
5,mp-gan,3,5,2,250,222,0.888,10.999024391174316,455.37728571891785
5,mp-gan,3,5,3,300,296,0.9866666666666667,10.999024391174316,455.37728571891785
5,mp-gan,3,5,4,650,547,0.8415384615384616,10.999024391174316,455.37728571891785
5,mp-gan,3,5,5,650,636,0.9784615384615385,10.999024391174316,455.37728571891785
5,mp-wgan,3,1,1,1150,1150,1.0,7.845954179763794,1551.4383456707
5,mp-wgan,3,2,1,1150,1073,0.9330434782608695,10.928856611251831,1497.4735276699066
5,mp-wgan,3,2,2,250,245,0.98,10.928856611251831,1497.4735276699066
5,mp-wgan,3,3,1,1150,1044,0.9078260869565218,10.929850816726685,1606.516422510147
5,mp-wgan,3,3,2,250,234,0.936,10.929850816726685,1606.516422510147
5,mp-wgan,3,3,3,300,297,0.99,10.929850816726685,1606.516422510147
5,mp-wgan,3,4,1,1150,1038,0.9026086956521739,10.945117950439453,1572.5303316116333
5,mp-wgan,3,4,2,250,239,0.956,10.945117950439453,1572.5303316116333
5,mp-wgan,3,4,3,300,297,0.99,10.945117950439453,1572.5303316116333
5,mp-wgan,3,4,4,650,550,0.8461538461538461,10.945117950439453,1572.5303316116333
5,mp-wgan,3,5,1,1150,1013,0.8808695652173913,10.892695903778076,1566.9611687660217
5,mp-wgan,3,5,2,250,236,0.944,10.892695903778076,1566.9611687660217
5,mp-wgan,3,5,3,300,297,0.99,10.892695903778076,1566.9611687660217
5,mp-wgan,3,5,4,650,542,0.8338461538461538,10.892695903778076,1566.9611687660217
5,mp-wgan,3,5,5,650,626,0.963076923076923,10.892695903778076,1566.9611687660217
6,offline,3,None,1,800,697,0.87125,None,None
6,offline,3,None,2,850,837,0.9847058823529412,None,None
6,offline,3,None,3,100,72,0.72,None,None
6,offline,3,None,4,1000,934,0.934,None,None
6,offline,3,None,5,300,292,0.9733333333333334,None,None
6,mp-gan,3,1,1,800,800,1.0,7.906875133514404,456.9388978481293
6,mp-gan,3,2,1,800,745,0.93125,11.191119909286499,455.4397940635681
6,mp-gan,3,2,2,850,849,0.9988235294117647,11.191119909286499,455.4397940635681
6,mp-gan,3,3,1,800,706,0.8825,11.863085746765137,466.28032660484314
6,mp-gan,3,3,2,850,750,0.8823529411764706,11.863085746765137,466.28032660484314
6,mp-gan,3,3,3,100,75,0.75,11.863085746765137,466.28032660484314
6,mp-gan,3,4,1,800,676,0.845,11.312267780303955,454.20785093307495
6,mp-gan,3,4,2,850,749,0.8811764705882353,11.312267780303955,454.20785093307495
6,mp-gan,3,4,3,100,72,0.72,11.312267780303955,454.20785093307495
6,mp-gan,3,4,4,1000,31,0.031,11.312267780303955,454.20785093307495
6,mp-gan,3,5,1,800,688,0.86,11.034651756286621,457.97912979125977
6,mp-gan,3,5,2,850,756,0.8894117647058823,11.034651756286621,457.97912979125977
6,mp-gan,3,5,3,100,73,0.73,11.034651756286621,457.97912979125977
6,mp-gan,3,5,4,1000,31,0.031,11.034651756286621,457.97912979125977
6,mp-gan,3,5,5,300,285,0.95,11.034651756286621,457.97912979125977
6,mp-wgan,3,1,1,800,800,1.0,8.139798879623413,1544.1576991081238
6,mp-wgan,3,2,1,800,761,0.95125,10.86948847770691,1615.6359951496124
6,mp-wgan,3,2,2,850,849,0.9988235294117647,10.86948847770691,1615.6359951496124
6,mp-wgan,3,3,1,800,747,0.93375,11.208153009414673,1579.6153948307037
6,mp-wgan,3,3,2,850,687,0.808235294117647,11.208153009414673,1579.6153948307037
6,mp-wgan,3,3,3,100,86,0.86,11.208153009414673,1579.6153948307037
6,mp-wgan,3,4,1,800,682,0.8525,10.98410177230835,1601.367722272873
6,mp-wgan,3,4,2,850,754,0.8870588235294118,10.98410177230835,1601.367722272873
6,mp-wgan,3,4,3,100,75,0.75,10.98410177230835,1601.367722272873
6,mp-wgan,3,4,4,1000,938,0.938,10.98410177230835,1601.367722272873
6,mp-wgan,3,5,1,800,707,0.88375,10.907355785369873,1561.5879936218262
6,mp-wgan,3,5,2,850,760,0.8941176470588236,10.907355785369873,1561.5879936218262
6,mp-wgan,3,5,3,100,75,0.75,10.907355785369873,1561.5879936218262
6,mp-wgan,3,5,4,1000,893,0.893,10.907355785369873,1561.5879936218262
6,mp-wgan,3,5,5,300,290,0.9666666666666667,10.907355785369873,1561.5879936218262
7,offline,3,None,1,1200,1194,0.995,None,None
7,offline,3,None,2,550,547,0.9945454545454545,None,None
7,offline,3,None,3,300,108,0.36,None,None
7,offline,3,None,4,600,589,0.9816666666666667,None,None
7,offline,3,None,5,350,292,0.8342857142857143,None,None
7,mp-gan,3,1,1,1200,1200,1.0,7.975677013397217,457.8133490085602
7,mp-gan,3,2,1,1200,1154,0.9616666666666667,11.328459024429321,452.7388536930084
7,mp-gan,3,2,2,550,550,1.0,11.328459024429321,452.7388536930084
7,mp-gan,3,3,1,1200,1185,0.9875,11.182225704193115,497.96376633644104
7,mp-gan,3,3,2,550,550,1.0,11.182225704193115,497.96376633644104
7,mp-gan,3,3,3,300,32,0.10666666666666667,11.182225704193115,497.96376633644104
7,mp-gan,3,4,1,1200,1137,0.9475,11.073188781738281,497.481924533844
7,mp-gan,3,4,2,550,548,0.9963636363636363,11.073188781738281,497.481924533844
7,mp-gan,3,4,3,300,22,0.07333333333333333,11.073188781738281,497.481924533844
7,mp-gan,3,4,4,600,563,0.9383333333333334,11.073188781738281,497.481924533844
7,mp-gan,3,5,1,1200,1135,0.9458333333333333,11.180475950241089,458.5010130405426
7,mp-gan,3,5,2,550,547,0.9945454545454545,11.180475950241089,458.5010130405426
7,mp-gan,3,5,3,300,18,0.06,11.180475950241089,458.5010130405426
7,mp-gan,3,5,4,600,563,0.9383333333333334,11.180475950241089,458.5010130405426
7,mp-gan,3,5,5,350,27,0.07714285714285714,11.180475950241089,458.5010130405426
7,mp-wgan,3,1,1,1200,1200,1.0,8.02137303352356,1591.5945851802826
7,mp-wgan,3,2,1,1200,1153,0.9608333333333333,11.249274730682373,1624.3893818855286
7,mp-wgan,3,2,2,550,550,1.0,11.249274730682373,1624.3893818855286
7,mp-wgan,3,3,1,1200,1153,0.9608333333333333,11.556288003921509,1569.6728966236115
7,mp-wgan,3,3,2,550,550,1.0,11.556288003921509,1569.6728966236115
7,mp-wgan,3,3,3,300,54,0.18,11.556288003921509,1569.6728966236115
7,mp-wgan,3,4,1,1200,1145,0.9541666666666667,11.4263334274292,1563.3729345798492
7,mp-wgan,3,4,2,550,549,0.9981818181818182,11.4263334274292,1563.3729345798492
7,mp-wgan,3,4,3,300,60,0.2,11.4263334274292,1563.3729345798492
7,mp-wgan,3,4,4,600,559,0.9316666666666666,11.4263334274292,1563.3729345798492
7,mp-wgan,3,5,1,1200,1186,0.9883333333333333,12.49774980545044,1613.0631310939789
7,mp-wgan,3,5,2,550,548,0.9963636363636363,12.49774980545044,1613.0631310939789
7,mp-wgan,3,5,3,300,40,0.13333333333333333,12.49774980545044,1613.0631310939789
7,mp-wgan,3,5,4,600,560,0.9333333333333333,12.49774980545044,1613.0631310939789
7,mp-wgan,3,5,5,350,127,0.3628571428571429,12.49774980545044,1613.0631310939789
8,offline,3,None,1,650,615,0.9461538461538461,None,None
8,offline,3,None,2,900,896,0.9955555555555555,None,None
8,offline,3,None,3,550,543,0.9872727272727273,None,None
8,offline,3,None,4,500,279,0.558,None,None
8,offline,3,None,5,400,394,0.985,None,None
8,mp-gan,3,1,1,650,650,1.0,8.26720666885376,455.28803968429565
8,mp-gan,3,2,1,650,617,0.9492307692307692,11.244994878768921,455.52795481681824
8,mp-gan,3,2,2,900,899,0.9988888888888889,11.244994878768921,455.52795481681824
8,mp-gan,3,3,1,650,608,0.9353846153846154,11.238788604736328,497.8330144882202
8,mp-gan,3,3,2,900,895,0.9944444444444445,11.238788604736328,497.8330144882202
8,mp-gan,3,3,3,550,540,0.9818181818181818,11.238788604736328,497.8330144882202
8,mp-gan,3,4,1,650,608,0.9353846153846154,11.039620161056519,512.3884470462799
8,mp-gan,3,4,2,900,865,0.9611111111111111,11.039620161056519,512.3884470462799
8,mp-gan,3,4,3,550,542,0.9854545454545455,11.039620161056519,512.3884470462799
8,mp-gan,3,4,4,500,17,0.034,11.039620161056519,512.3884470462799
8,mp-gan,3,5,1,650,609,0.936923076923077,12.486608743667603,480.0920488834381
8,mp-gan,3,5,2,900,861,0.9566666666666667,12.486608743667603,480.0920488834381
8,mp-gan,3,5,3,550,540,0.9818181818181818,12.486608743667603,480.0920488834381
8,mp-gan,3,5,4,500,17,0.034,12.486608743667603,480.0920488834381
8,mp-gan,3,5,5,400,268,0.67,12.486608743667603,480.0920488834381
8,mp-wgan,3,1,1,650,650,1.0,7.991637229919434,1524.548487663269
8,mp-wgan,3,2,1,650,644,0.9907692307692307,11.02252984046936,1569.3539533615112
8,mp-wgan,3,2,2,900,896,0.9955555555555555,11.02252984046936,1569.3539533615112
8,mp-wgan,3,3,1,650,640,0.9846153846153847,11.388554334640503,1568.7361514568329
8,mp-wgan,3,3,2,900,893,0.9922222222222222,11.388554334640503,1568.7361514568329
8,mp-wgan,3,3,3,550,540,0.9818181818181818,11.388554334640503,1568.7361514568329
8,mp-wgan,3,4,1,650,642,0.9876923076923076,10.964685678482056,1531.9473955631256
8,mp-wgan,3,4,2,900,894,0.9933333333333333,10.964685678482056,1531.9473955631256
8,mp-wgan,3,4,3,550,536,0.9745454545454545,10.964685678482056,1531.9473955631256
8,mp-wgan,3,4,4,500,302,0.604,10.964685678482056,1531.9473955631256
8,mp-wgan,3,5,1,650,639,0.9830769230769231,10.890886783599854,1569.0686376094818
8,mp-wgan,3,5,2,900,893,0.9922222222222222,10.890886783599854,1569.0686376094818
8,mp-wgan,3,5,3,550,536,0.9745454545454545,10.890886783599854,1569.0686376094818
8,mp-wgan,3,5,4,500,79,0.158,10.890886783599854,1569.0686376094818
8,mp-wgan,3,5,5,400,381,0.9525,10.890886783599854,1569.0686376094818
9,offline,3,None,1,100,70,0.7,None,None
9,offline,3,None,2,650,549,0.8446153846153847,None,None
9,offline,3,None,3,500,465,0.93,None,None
9,offline,3,None,4,550,548,0.9963636363636363,None,None
9,offline,3,None,5,1150,1135,0.9869565217391304,None,None
9,mp-gan,3,1,1,100,100,1.0,8.553136587142944,475.07228922843933
9,mp-gan,3,2,1,100,72,0.72,10.55279016494751,439.9147057533264
9,mp-gan,3,2,2,650,650,1.0,10.55279016494751,439.9147057533264
9,mp-gan,3,3,1,100,69,0.69,10.575729131698608,438.3960998058319
9,mp-gan,3,3,2,650,600,0.9230769230769231,10.575729131698608,438.3960998058319
9,mp-gan,3,3,3,500,367,0.734,10.575729131698608,438.3960998058319
9,mp-gan,3,4,1,100,71,0.71,10.687429428100586,436.93899488449097
9,mp-gan,3,4,2,650,598,0.92,10.687429428100586,436.93899488449097
9,mp-gan,3,4,3,500,365,0.73,10.687429428100586,436.93899488449097
9,mp-gan,3,4,4,550,191,0.3472727272727273,10.687429428100586,436.93899488449097
9,mp-gan,3,5,1,100,71,0.71,10.786166191101074,451.6985402107239
9,mp-gan,3,5,2,650,598,0.92,10.786166191101074,451.6985402107239
9,mp-gan,3,5,3,500,354,0.708,10.786166191101074,451.6985402107239
9,mp-gan,3,5,4,550,191,0.3472727272727273,10.786166191101074,451.6985402107239
9,mp-gan,3,5,5,1150,1130,0.9826086956521739,10.786166191101074,451.6985402107239
9,mp-wgan,3,1,1,100,100,1.0,8.007595777511597,1466.5157749652863
9,mp-wgan,3,2,1,100,95,0.95,10.674468278884888,1518.412044763565
9,mp-wgan,3,2,2,650,650,1.0,10.674468278884888,1518.412044763565
9,mp-wgan,3,3,1,100,90,0.9,10.557776927947998,1496.5530211925507
9,mp-wgan,3,3,2,650,627,0.9646153846153847,10.557776927947998,1496.5530211925507
9,mp-wgan,3,3,3,500,317,0.634,10.557776927947998,1496.5530211925507
9,mp-wgan,3,4,1,100,92,0.92,10.653521299362183,1545.7654418945312
9,mp-wgan,3,4,2,650,626,0.963076923076923,10.653521299362183,1545.7654418945312
9,mp-wgan,3,4,3,500,297,0.594,10.653521299362183,1545.7654418945312
9,mp-wgan,3,4,4,550,543,0.9872727272727273,10.653521299362183,1545.7654418945312
9,mp-wgan,3,5,1,100,89,0.89,10.825063228607178,1671.8609352111816
9,mp-wgan,3,5,2,650,624,0.96,10.825063228607178,1671.8609352111816
9,mp-wgan,3,5,3,500,275,0.55,10.825063228607178,1671.8609352111816
9,mp-wgan,3,5,4,550,544,0.9890909090909091,10.825063228607178,1671.8609352111816
9,mp-wgan,3,5,5,1150,996,0.8660869565217392,10.825063228607178,1671.8609352111816
